466.49 153.13 523.5 87.11 
417.06 123 449.59 43.1 
364.79 125.1 374.4 46.07 
571.77 378.59 679.47 418.74 
237.96 212.13 190.2 173.28 
162.27 469.61 76.38 554.49 
589.73 436.37 707.71 503.46 
589.73 436.37 707.71 503.46 
567.11 427.77 674.3 491.61 
367.77 409.06 379.07 462.95 
280.45 368.52 250.38 403.18 
367.79 349.15 378.96 376.15 
367.79 349.15 378.96 376.15 
457.98 309.75 511.47 318.14 
367.15 290.6 378.03 289.2 
367.81 257.89 378.73 241.56 
457.66 251.17 510.69 231.25 
279.72 248.69 249.04 228.76 
279.72 248.69 249.04 228.76 
243.51 247.31 197.81 226.23 
367.58 234.09 378.13 206.68 
261.91 228.81 222.72 199.58 
280.17 209.06 249.6 173.78 
280.17 209.06 249.6 173.78 
407.02 130 436.76 51.62 
140.77 461.11 44.74 541.81 
494.86 431.14 567.56 495.85 
533.69 429.82 623.84 494.56 
280.77 424.35 251.26 488.16 
245.79 425.2 199.24 487.7 
208.51 425.73 145.17 488.7 
280.94 396.85 251.78 446.78 
246.17 395.08 198.98 443.99 
208.42 396.1 145.12 445.61 
325.82 388.12 318.1 433.78 
494.94 367.1 567.07 402.65 
245.66 366.57 198.58 401.72 
208.56 366.45 145.01 402.12 
479.04 349.83 543.05 376.73 
209.86 337.6 146.95 359.56 
494.03 337.02 565.13 356.65 
280.76 336.78 250.87 358.18 
280.76 336.78 250.87 358.18 
247.6 336.5 200.99 357.16 
479.45 321.63 543.48 334.85 
280.47 304.6 250.3 310.24 
194.2 292.33 123.66 291.92 
280.01 277.39 249.43 270.24 
245.45 246.11 197.81 226.23 
533.3 243.53 622.42 219.98 
479.1 226.17 542.59 194.34 
280.21 217.42 249.64 182.74 
389.12 168.51 411.6 111.28 
370.03 161.33 381.37 99.16 
370.03 161.33 381.37 99.16 
407.28 129.58 436.76 51.62 
298.87 453.51 278.19 529.79 
264.58 453.52 227.4 529.88 
264.58 453.52 227.4 529.88 
310.05 430.38 294.15 496.26 
480.66 423.98 545.8 486.04 
439.33 422.44 484.85 483.58 
298.86 420.65 277.33 481.07 
264.87 391.17 227.73 437.85 
384.16 364.1 403.36 397.46 
298.71 361.83 277.43 394.6 
263.95 332.5 226.4 351.62 
263.95 332.5 226.4 351.62 
297.75 330.9 275.54 348.88 
308.14 313.43 291.37 322.56 
463.72 312.8 520.34 322.34 
384.02 305.95 403.19 312.98 
297.05 302.77 274.85 307.46 
263.93 302.98 226.29 308.24 
263.93 302.98 226.29 308.24 
401.6 299.12 426.75 302.79 
308.8 280.63 291.74 274.57 
349.09 271.15 351.42 261.21 
563.49 245.02 667.52 221.61 
349.54 241.39 352.33 217.23 
296.84 241.92 274.29 218.32 
297.18 212.17 275.42 173.89 
439.53 210.84 484.8 171.81 
439.53 210.84 484.8 171.81 
353.68 209.72 358.16 170.33 
307.39 202.37 289.47 159.17 
478.99 200.13 542.19 155.19 
491.82 197.17 560.79 150.06 
463.92 197.58 520.14 152.11 
208.26 189.47 144.29 141.31 
350.09 113.7 352.01 28.44 
350.09 113.7 352.01 28.44 
311.21 481.12 296.09 570.29 
196.49 471.44 127.16 557.15 
463.97 469.58 522.11 552.56 
255.27 464.17 213.1 545.14 
479.92 458.2 544.98 536.21 
428.12 458.17 467.94 535.76 
428.12 458.17 467.94 535.76 
441.97 455.26 486.86 532.28 
145.14 447.21 51.3 520.88 
463.88 435.33 521.66 502.17 
430.48 433.05 470.68 498.17 
409.42 419.32 441.16 479.02 
311.27 419.49 296.04 479.24 
443.74 404.93 490.07 458.05 
443.74 404.93 490.07 458.05 
296.76 403.88 274.64 456.47 
296.76 403.88 274.64 456.47 
440.81 392.85 486.84 440.07 
427.75 390.03 468.03 434.6 
427.75 390.03 468.03 434.6 
444.51 374.76 492.74 413.07 
266.42 374.08 229.24 412.55 
480.26 362.28 545.01 395.14 
441.91 361.6 486.77 393.83 
140.09 348.39 41.77 375.43 
538.04 343.68 631.41 368.88 
468.61 330.61 527.56 345.89 
350.99 301 353.1 305.29 
320.66 287.52 308.89 285.26 
464.72 283.23 521.69 278.48 
444.88 283.88 492.45 278.9 
194.59 282.33 123.88 277.78 
440.61 271.52 485.63 261.46 
440.61 271.52 485.63 261.46 
261.61 272.47 222.03 263.5 
309.58 270 293.17 259.19 
362.42 266.74 370.77 254.63 
414.74 239.46 447.61 214.12 
478.82 237.21 542.49 210.77 
402.07 238.3 428.87 213.23 
489.68 236.65 557.69 208.63 
262.65 212.22 223.77 174.37 
262.65 212.22 223.77 174.37 
434.83 198.52 477.41 153.7 
389.5 185.35 410.6 134.76 
334.21 185.05 329.56 133.92 
438.74 183.99 483.12 131.74 
362.27 178.01 370.35 123.85 
213.15 176.22 149.66 122.36 
338.65 159.35 335.45 96.38 
490.45 461.47 560.61 540.82 
452.19 457.48 503.86 535.45 
490.38 453.4 560.13 528.97 
120.93 449 15.97 523.58 
252.25 448.21 209.38 521.92 
259.98 437.31 220.6 505.97 
298.54 432.86 276.26 499.45 
270.26 432.55 235.45 498.92 
468.57 421.06 527.75 482.31 
428.29 420.48 468.17 480.51 
428.13 388.98 468.03 434.6 
428.13 388.98 468.03 434.6 
158.71 382.64 71.25 426.16 
434.38 378.11 477.31 417.72 
302.39 378.41 283.04 419.58 
256.96 377.94 216.13 418.61 
547.06 374.03 643.75 411.69 
292.27 373.87 267.8 412.54 
265.66 373.74 229.24 412.55 
577.44 370.33 689.1 406.62 
451.53 360.33 502.67 392.69 
196.84 354.11 128.1 382.01 
190.1 347.2 116.98 373.43 
539.37 345 631.41 368.88 
267.66 344.05 231.27 368.72 
442.56 334.08 488.57 352.33 
442.56 334.08 488.57 352.33 
275.12 328.44 242.31 344.72 
434.05 316.95 477.31 417.72 
258.7 315 217.9 325.67 
445.59 314.13 493.45 323.93 
428.4 298.42 468.26 300.7 
286.06 299.33 258.58 302.7 
252.04 299.01 208.6 302.29 
428.39 268.48 468.32 256.13 
291.09 255.56 265.94 237.87 
268.94 255.44 233.27 238.26 
428.46 244.92 468.31 222.67 
489.4 235.96 557.69 208.63 
363.44 213.54 372.46 176.66 
450.68 213.14 500.95 174.93 
467.22 211.2 525.69 171.48 
553.21 197.19 652.11 151.21 
355.95 189.7 361.11 140.77 
542.45 184.67 636.04 132.64 
349.14 174.84 351.17 118.85 
341.52 487.69 340.55 579.65 
489.64 485.56 559.61 576.87 
460.51 459.95 516.26 539.55 
460.51 459.95 516.26 539.55 
198.02 434.82 129.89 502.41 
459.59 404.5 514.76 457 
253.5 386.88 210.9 432.42 
198.47 381.36 129.9 422.98 
538.97 377.56 631.51 417.24 
427.19 373.44 465.88 413.77 
444.23 365.81 491.31 311.23 
253.12 357.06 210.15 388.85 
421.19 351.17 457.45 378.75 
312.33 346.08 297.47 371.74 
459.01 343.57 513.72 367.49 
449.57 331.52 499.6 350.67 
254.04 332.05 211.95 351.22 
428.22 326.58 467.96 343.15 
428.22 326.58 467.96 343.15 
274.06 309.01 241.39 316.17 
274.22 297.69 241.51 300.85 
311.58 285.65 295.44 282.1 
555.94 284.84 656.79 280.24 
555.94 284.84 656.79 280.24 
268.72 285.36 233.02 282.37 
286.63 268.31 260.14 256.11 
431.42 258.76 472.13 241.8 
431.42 258.76 472.13 241.8 
190.52 255.68 117.62 238.16 
190.52 255.68 117.62 238.16 
466.43 254.61 524.08 235.89 
121.6 245.04 15.89 223.24 
253.14 237.82 210.22 211.84 
428.84 236.36 468.85 210.13 
428.84 236.36 468.85 210.13 
361.29 236.03 369.24 209.5 
421.71 230.93 458.44 201.41 
421.71 230.93 458.44 201.41 
447.05 224.55 495.46 191.68 
447.05 224.55 495.46 191.68 
373.31 217.84 386.03 182.58 
429.18 217.58 469.18 181.77 
429.18 217.58 469.18 181.77 
345.34 200.73 345.58 157.22 
356.11 199.1 361.64 155.25 
356.11 199.1 361.64 155.25 
544.69 197.44 639.81 151.31 
303.73 191.16 284.77 143.58 
406.81 131.2 435.7 54.52 
406.81 131.2 435.7 54.52 
406.81 131.2 435.7 54.52 
460.84 490.45 516.86 583.42 
382.95 488.68 402.01 581.62 
425.86 470.74 464.96 554.38 
265.43 466.94 229.15 549.59 
307.12 461.52 290.21 541.52 
556.62 460.51 658.4 539.91 
436.21 459.01 480.25 537.5 
319.33 454.43 307.93 531.42 
460.57 453.26 516.09 529.4 
288.84 452.48 263.06 527.97 
435.87 451.9 479.96 527.38 
435.87 451.9 479.96 527.38 
444.9 451.39 493.33 526.32 
269.21 450.04 234.31 524.49 
459.32 446.99 514.36 519.76 
556.22 446.13 657.79 518.3 
483.75 436 550.83 503.61 
251.92 435.24 210.28 503.46 
444.53 425.77 492.41 488.67 
489.06 419.32 558 478.91 
274.58 415.57 242.4 474.31 
254.39 415.41 212.24 473.29 
317.88 401.53 306.05 452.75 
301.88 394.78 282.24 443.57 
294.38 394.87 271.08 443.23 
301.96 388.08 282.2 433.37 
293.95 388.1 270.72 433.1 
449.74 386.32 499.79 429.43 
312.74 376.32 297.98 416.04 
203.22 375.62 137.96 413.81 
459.22 373.63 513.41 411.59 
459.22 373.63 513.41 411.59 
254.62 368.77 212.7 405.68 
471.79 365.82 532.44 400.82 
302.52 365.67 283.18 399.97 
460.35 358.94 515.71 389.03 
302.56 358.15 283.24 389 
287.64 356.22 260.98 385.64 
203.09 355.36 136.26 384.78 
561.31 353.5 665.14 381 
165.77 343.69 81.1 368.09 
548.27 343.06 645.36 366.11 
197.93 340.96 128.91 364.09 
293.3 335.29 269.25 355.13 
268.53 335.72 232.97 356.1 
287.59 326.4 260.65 342.58 
274.22 326.6 241.35 343.31 
433.01 314.6 475.27 324.82 
433.01 314.6 475.27 324.82 
458.32 311.54 511.95 319.82 
444.12 305.58 491.31 311.23 
475.64 302.48 538.22 306.14 
327.96 302.03 320.45 307.73 
459.62 298.6 514.31 300.82 
435.19 298.54 478.34 300.76 
259.29 299.26 219.12 302.47 
444.21 297.82 491.4 300.28 
337.08 297.91 333.36 299.57 
482.83 296.39 548.54 297.74 
421.25 291.36 457.4 290.53 
427.14 286.74 465.77 283.62 
458.03 281.5 511.84 275.66 
443.84 268.09 490.89 255.66 
421.09 261.16 457.21 245.99 
311.99 257.75 296.91 241.55 
546.39 254.65 642.08 235.81 
435.02 245.23 478.2 222.03 
259.45 240.23 218.93 215.85 
557.5 232.56 658.48 203.36 
316.37 232.43 302.94 204.05 
355.12 227.92 360.31 197.2 
311.15 227.71 295.3 197.33 
249.59 227.26 204.87 196.49 
466.98 225.24 524.97 192.98 
540.2 223.86 633.45 191.42 
488.99 223.96 557.1 190.94 
546.25 222.15 641.97 187.48 
437.45 220.27 481.24 185.18 
302.07 209.02 281.75 169.55 
302.07 209.02 281.75 169.55 
292.58 208.78 267.59 169.16 
371.96 203.71 384.84 161.64 
332.29 200.66 326.54 156.92 
482.69 197.3 548.45 151.74 
269.29 196.88 233.35 151.35 
428.31 190.27 468.16 141.42 
531.7 186.08 619.53 134.54 
397.61 169.74 422.72 112.1 
370.56 162.02 382.49 100.4 
370.56 162.02 382.49 100.4 
406.31 161.22 435.52 98.97 
406.31 161.22 435.52 98.97 
411.8 110.29 443.28 22.98 
445.49 490.56 493.88 583.96 
445.49 490.56 493.88 583.96 
401.16 489.53 428.41 583.11 
414 489.17 447.95 581.66 
394.71 489.12 419.28 582.98 
387.93 489.13 409.38 582.65 
303.8 488.27 285.3 580.91 
326.3 485.8 318.15 577.72 
318.72 485.11 307.12 576.46 
557.54 483.85 660.11 573.76 
445.42 481.41 493.95 570.65 
450.11 478.91 500.81 566.95 
303.95 479.01 285.56 567.46 
151.76 475.71 60.95 562.92 
491.44 468.57 561.8 551.47 
444.58 467.52 492.83 549.78 
116.58 458.57 8.75 538.33 
116.58 458.57 8.75 538.33 
293.74 458.02 270.21 536.29 
332.92 456.06 328.3 533.93 
151.7 453.72 61.01 530.7 
151.7 453.72 61.01 530.7 
594.45 450.45 714.26 524.99 
293.61 449.04 270.31 523.28 
421.51 441.61 458.37 511.99 
144.1 436.88 52.76 505.84 
144.1 436.88 52.76 505.84 
257.95 433.09 217.54 499.83 
458.29 432.42 512.52 498.11 
458.29 432.42 512.52 498.11 
484.1 427.3 550.84 490.96 
407.42 427.48 438.71 491.32 
343.73 425.72 344.4 488.76 
343.73 425.72 344.4 488.76 
339.98 423.08 338.12 484.64 
460.79 418.84 516.23 478.31 
414.48 416.86 447.92 475.32 
393.97 416.45 417.75 474.24 
579.15 415.07 691.51 472.46 
339.75 414.55 338.2 472.28 
339.75 414.55 338.2 472.28 
325.77 414.25 317.3 472.06 
421.44 411.69 458.08 467.89 
484.87 403.51 551.67 454.68 
557.39 399.99 659.47 449.97 
557.39 399.99 659.47 449.97 
568.72 399.11 675.51 448.97 
460.28 397.4 515.44 446.42 
460.28 397.4 515.44 446.42 
483.03 396.49 549.16 445.14 
332.78 393.62 327.83 441.26 
339.97 393.39 338.42 440.79 
563.6 389.45 667.36 434.32 
589.92 388.2 707.51 432.77 
414.15 386.77 447.95 431.08 
339.66 385.5 338.13 431.13 
318.93 385.7 307.01 430.23 
468.3 377.82 527.42 417.83 
126.58 376.31 23.31 416.8 
126.58 376.31 23.31 416.8 
299.55 373.64 278.54 412.04 
584.75 370.91 699.09 407.26 
442.54 371.24 488.91 408.32 
460.61 367.29 515.93 401.89 
460.61 367.29 515.93 401.89 
120.83 365.14 15.01 400.15 
339.43 364.06 337.3 397.56 
483.22 360.59 549.35 392.36 
259.15 358.07 219.34 389.7 
487.87 356.41 556.27 386.56 
407.3 355.6 437.41 385.4 
325.37 355.53 316.77 384.89 
202.72 354.75 136.26 384.78 
170.95 345.79 88.86 371.11 
302.28 341.64 282.71 364.73 
302.28 341.64 282.71 364.73 
460.37 336.79 515.52 356.84 
413.66 334.14 446.55 353.93 
268.94 328.13 233.66 345.42 
413.82 326.72 446.69 342.28 
313.55 325.32 299.18 340.69 
420.69 321.94 457.21 245.99 
545.44 311.98 641.04 320.93 
472.4 310.48 533.18 317.41 
302.54 306.35 283.02 313.1 
198.44 306.14 129.35 313.45 
399.95 304.07 426.28 309.63 
387.03 303.49 407.21 307.82 
420.82 298.59 457.24 301.6 
470.94 294.91 530.82 295.86 
487.33 294.53 555.02 295.17 
475.19 294.93 537.42 296.53 
355.26 287.89 360.37 285.61 
488.1 287.08 556.26 283.86 
292.47 276.92 268.12 269.48 
460.07 275.81 514.84 267.66 
331.33 274.2 325.22 265.84 
317.35 274.1 304.76 264.86 
474.77 272.7 536.62 262.38 
482.82 272.6 548.28 262.13 
400.03 268.19 426.35 255.57 
292.38 268.2 268.04 257.2 
459.79 267.78 514.44 255.42 
354.87 265.66 360.16 253.34 
338.84 265.15 336.51 252.29 
448.87 264.51 498.26 251.17 
463.73 264.13 520.05 250.38 
487.17 263.23 554.28 248.44 
267.48 258.83 229.41 243.67 
267.48 258.83 229.41 243.67 
252.57 258.78 209.04 242.8 
312.21 258.14 296.91 241.55 
257.06 254.19 216.17 236.36 
483.98 252.79 550.3 233.04 
254.18 250.07 211.7 230.04 
331.58 243.8 324.61 221.87 
331.58 243.8 324.61 221.87 
399.86 243.28 425.76 219.62 
475.63 240.72 537.71 215.77 
319.93 237.74 308.12 211.97 
312.78 235.76 297.68 208.55 
287.14 236.47 260.13 210.48 
482.08 233.68 546.91 205.26 
475.09 233.51 536.56 205.18 
552.2 231.98 650.56 202.62 
552.2 231.98 650.56 202.62 
255.38 224.45 213.42 192.55 
255.38 224.45 213.42 192.55 
361.43 223.97 369.01 191.59 
457.84 220.16 511.46 185.68 
457.84 220.16 511.46 185.68 
437.34 219.64 481.24 185.18 
471.97 216.93 532.21 181.11 
406.1 213.42 435.19 175.71 
482.5 211.32 547.66 172.1 
406.11 207.17 435.04 167 
459.76 205.69 514.13 164.38 
482.46 204.72 547.54 162.89 
379.05 203.39 395.15 160.9 
379.05 203.39 395.15 160.9 
482.85 197.44 548.45 151.74 
542.32 192.64 633.84 141.54 
442.99 191.78 489.25 143.44 
442.99 191.78 489.25 143.44 
342.44 191.49 341.22 143.84 
393.85 189.71 416.81 140.75 
337.28 177.09 334.01 122.86 
488.4 175.27 556.23 118.94 
365.95 167.26 375.73 107.93 
375.21 166.79 389.34 107.26 
402.54 166.37 429.55 106.53 
375.15 157.54 389.25 93.53 
375.15 157.54 389.25 93.53 
407.14 156.8 436.31 92.62 
407.14 156.8 436.31 92.62 
412.08 156.59 443.66 92.07 
412.08 156.59 443.66 92.07 
411.91 135.76 443.46 61.2 
374.96 127.23 388.96 48.84 
365.74 127.44 375.27 49.32 
365.74 127.44 375.27 49.32 
411.97 125.94 443.47 46.65 
407.09 126.16 436.3 47.37 
402.35 126.2 429.26 47.14 
402.35 126.2 429.26 47.14 
421.14 498.52 457.81 502.97 
435.64 494.32 479.31 589.7 
421.17 492.86 458.13 588.4 
301.34 492.67 281.61 587.69 
384.14 481.57 403.66 570.11 
407.24 480.01 437.75 568.84 
380.34 470.48 397.82 554.96 
380.34 470.48 397.82 554.96 
432.66 467.05 474.98 549.49 
117.66 465.57 11.65 548.42 
122.55 464.36 18.71 546.29 
150.63 462.88 59.11 544.2 
301.63 462.06 281.67 542.38 
561.04 456.34 664.87 534.34 
326.75 455.91 318.72 533.6 
144.18 453.1 50 529.81 
588.9 451.7 706.35 526.3 
484.74 449.19 551.65 522.69 
607.65 445.68 734.34 517.98 
607.65 445.68 734.34 517.98 
560.59 434.13 664.04 501.14 
118.78 429.31 14.7 495.08 
261.05 428.92 222.56 493.83 
551.49 428.32 650.03 492.59 
597.93 421.67 718.97 482.52 
554.79 421 655.53 481.72 
479.81 420.06 544.32 479.79 
270.02 416.34 235.25 475.24 
560.5 402.8 663.83 455.27 
269.11 399.93 233.97 450.91 
460.86 387.52 515.95 432.22 
380.03 386.22 397.35 430.72 
269.75 386.21 234.89 430.9 
273.01 383.75 240.16 427.48 
273.01 383.75 240.16 427.48 
476.39 365.98 538.97 399.48 
332.01 364.16 326.45 398.32 
332.01 364.16 326.45 398.32 
126.55 351.33 23.22 379.56 
468.89 348.37 527.8 374.61 
176.62 344.4 97.55 369.31 
147.12 344.68 52.22 371.24 
127.68 344.38 24.86 369.94 
552.57 342.92 651.53 365.6 
407.21 334.95 436.89 354.18 
407.21 334.95 436.89 354.18 
399.88 334.74 426.52 354.73 
379.87 332.24 396.96 352.04 
379.9 328.3 396.81 345.31 
303.52 326.81 284.08 343.19 
383.01 325.89 401.3 340.99 
407.4 325.68 436.63 341.35 
454.02 320.9 506.07 333.94 
546.97 317.13 644.1 327.73 
484.8 315.69 551.36 326.11 
484.8 315.69 551.36 326.11 
273.47 314.75 240.27 325.62 
482.89 312.56 548.41 321.72 
482.89 312.56 548.41 321.72 
433.62 312.08 475.74 321.47 
479.13 310.73 542.79 318.54 
267.62 310.66 231.5 319.52 
332.76 306.2 327.28 312.76 
332.76 306.2 327.28 312.76 
379.83 304.51 396.57 310.57 
202.2 295.49 135.36 297.3 
406.38 294.34 435.58 295.12 
255.69 283.15 213.88 279.1 
434.39 282.5 476.75 277.38 
361.04 281.55 369.19 275.24 
264.24 280.86 226.88 275.4 
478.98 279.25 542.59 272.65 
482.22 276.71 547.24 269.2 
269.26 267.68 233.62 256.27 
313.35 265.1 298.64 252.46 
437.49 263.32 480.33 249.15 
449.72 257.88 498.81 241.41 
456.74 257.55 510.19 240.35 
487.68 256.39 555.84 238.51 
298.5 254.09 276.73 236.21 
430.21 252.34 470.58 233.2 
442.33 251.66 488.33 231.74 
442.33 251.66 488.33 231.74 
301.63 251.09 281.51 231.77 
315.95 250.2 302.5 230.11 
477.92 247.82 541.02 226.16 
484.39 247.43 550.62 226.01 
313.15 247.41 298.48 226.07 
406.47 243.45 435.49 220.55 
375.85 239.62 390.78 214.63 
303.2 237.82 283.91 211.71 
463.02 233.28 518.97 204.65 
438.4 233.43 482.63 205.35 
438.4 233.43 482.63 205.35 
292.24 229.49 267.2 199.86 
453.6 224.41 504.9 191.91 
453.6 224.41 504.9 191.91 
433.7 221.99 475.89 188.31 
259.52 222.24 219.24 189.67 
550.09 220.93 647.89 186.28 
406.13 213.74 435.19 175.71 
379.17 213.89 395.12 177.12 
475.74 211.47 537.75 172.67 
401.92 208.61 429.29 169.33 
375.87 208.69 390.59 168.87 
325.79 208.1 316.83 168.82 
321.91 206.21 311.08 165.41 
424.53 205.48 462.04 162.39 
471.47 194.54 530.86 147.51 
389.94 193.63 411.76 146.88 
380.71 193.43 397.24 146.26 
247.86 192.53 202.25 145.76 
323.25 189.01 312.56 139.97 
339.76 188.55 337.11 139.42 
341.45 182.12 339.65 129.91 
203.08 181.91 135.75 129.78 
203.08 181.91 135.75 129.78 
382.95 181.11 400.9 128.33 
461.38 178.56 517.05 124.36 
436.83 174.6 479.85 118.5 
402.89 161.8 429.95 99.64 
402.89 161.8 429.95 99.64 
370.17 157.91 382.27 93.92 
402.35 131.26 429.46 54.64 
370.27 127.16 382.03 49.16 
345.12 110.56 344.66 24.61 
345.12 110.56 344.66 24.61 
406.93 490.38 437.36 583.81 
184.43 487.93 109.91 581.11 
295.85 478.49 273.76 566.63 
434.65 477.52 478.66 565 
434.65 477.52 478.66 565 
302.15 475.44 282.64 562.15 
494.93 470.35 567.27 554.59 
270.54 470.46 236.51 554.91 
270.54 470.46 236.51 554.91 
436.3 468.5 480.54 551.56 
267.78 461.29 232.29 541.39 
263.39 461.55 225.86 541.68 
484.19 454.42 551.54 530.27 
115.4 454.3 7.45 531.76 
558 453.41 660.29 529.26 
139.5 452.1 42.63 528.22 
336.55 446.85 333.58 519.72 
469.26 445.35 529.4 517.23 
593.88 444.31 713.44 516.22 
347.86 444.5 350.47 516.87 
314.38 442.98 300.69 514.08 
150.25 437.69 59.22 506.8 
122.98 436.66 18.1 505.79 
599.5 435.88 721.94 502.87 
602.47 431.74 725.87 497.42 
547.4 429.75 645.11 494.54 
258.55 426.32 218.5 489.76 
262.57 425.89 224.49 489.5 
555.44 423.95 656.38 485.6 
318.52 424.13 306.98 486.61 
593.18 421.53 712.51 482.18 
380.59 419.39 398.13 478.98 
553.71 417.37 653.77 475.97 
553.71 417.37 653.77 475.97 
586.59 416.78 702.51 475.2 
383.25 415.98 401.72 429.69 
262.54 416.1 224.46 474.34 
453.93 411.41 506.69 467.37 
423.34 408.9 461.35 374.81 
268.1 408.03 232.91 462.75 
257.34 407.89 216.98 462.68 
454.24 406.46 506.83 459.81 
469.48 403.56 529.01 454.65 
263.84 403.26 226.32 455.94 
555.05 397.16 656.07 445.28 
327.12 394.42 319.48 443.38 
301.43 383.1 281.05 426.12 
448.59 381.33 499.6 467.55 
379.5 380.94 396.76 422.34 
463.32 379.36 520.62 419.84 
202.07 377.96 135.16 418.69 
487.56 377.36 556.17 462.96 
433.82 373.36 476.36 411.18 
316.45 372.97 303.41 411.65 
119.16 372.4 13.35 410.85 
378.77 369.94 395.33 405.77 
269.95 356.16 235.17 386.38 
385.46 355.33 404.88 384.99 
382.75 355.06 401.26 384.19 
292.74 353.51 268.79 382.31 
259.2 353.61 219.24 382.61 
254.82 353.58 213.3 382.78 
202.11 348.38 134.57 375.86 
197.03 347.6 127.51 374.27 
174.6 346.42 94.44 372.77 
557.52 345.75 658.71 370.07 
295.68 342.95 273.1 366.84 
454.45 339.42 506.87 361.14 
291.95 337.38 267.41 358.55 
555.93 337.09 656.49 357.4 
557.35 333.95 658.56 352.41 
376.46 330.22 391.83 347.27 
268.4 323.94 232.86 339.07 
268.4 323.94 232.86 339.07 
448.98 323.39 497.92 338.12 
440.64 323.54 486.09 337.67 
440.64 323.54 486.09 337.67 
269.52 315.91 234.6 327.32 
454.24 315.35 506.53 325.88 
437.1 313.84 481.22 323.79 
487.97 311.68 556.01 321.48 
554.12 310.62 654.09 318.5 
379.16 309.68 395.6 317.16 
481.34 307.93 546.54 314.69 
187.5 300.08 112.96 304.17 
380.02 294.52 396.77 295.41 
262.58 294.53 224.02 295.85 
459.36 293.27 513.39 293.27 
550.21 291.2 647.67 289.62 
453.98 290.87 505.78 289.56 
262.59 289.76 224.35 288.65 
252.51 289.65 208.41 288.17 
557.52 288.98 658.66 286.45 
449.78 288.24 499.54 286.05 
261.51 286.57 221.85 284.5 
297.6 285.15 275.62 281.81 
259.46 284.62 219.35 281.15 
259.46 284.62 219.35 281.15 
437.97 283.96 482.25 279.43 
553 281.47 651.75 275.87 
187.77 280.43 113.93 274.91 
187.77 280.43 113.93 274.91 
261.94 277.99 223.01 270.97 
175.55 277.74 96.13 271.33 
255.33 276.13 213.36 269.12 
387.23 274.4 407.67 265.43 
261.83 273.17 222.87 264.21 
261.56 268.26 222.93 256.78 
448 266.65 496.86 254.84 
459.33 262.85 514.27 248.51 
459.33 262.85 514.27 248.51 
452.35 263.19 502.84 248.76 
554.22 261.78 653.26 246.31 
264.1 259.98 225.96 245.22 
547.79 259.52 644.18 242.84 
195.16 257.36 124.7 240.88 
556.92 256.9 657.6 239.24 
446.83 255.4 495.31 237.49 
302.36 255.52 282.4 238.36 
433.42 254.44 475.47 236.15 
433.42 254.44 475.47 236.15 
445.71 253.02 493.8 233.29 
445.71 253.02 493.8 233.29 
307.24 252.78 290.09 234.55 
481.28 249.91 546.13 229.26 
303.51 248.39 284.11 227.86 
445.26 246.58 493.05 224.78 
185.86 240.88 110.89 216.9 
430.66 236.73 471.35 209.68 
445.27 236.23 492.88 208.62 
201.64 233.37 133.6 205.97 
441.41 230.38 487.63 200.68 
441.41 230.38 487.63 200.68 
262.83 230.5 224.45 201.48 
466.98 229.94 524.97 199.89 
466.98 229.94 524.97 199.89 
306.6 229.83 289.12 200.14 
306.6 229.83 289.12 200.14 
297.46 229.94 275.63 200.3 
297.46 229.94 275.63 200.3 
550.16 228.52 647.55 197.21 
429.98 228.35 470.2 197.6 
559.46 228.18 661.09 196.99 
266.14 227.93 228.35 197.69 
303.86 227.34 284.88 196.64 
303.86 227.34 284.88 196.64 
300.35 223.92 279.25 191.63 
300.35 223.92 279.25 191.63 
437.45 223.69 481.38 190.67 
437.45 223.69 481.38 190.67 
546.72 219.5 642.65 184.07 
546.72 219.5 642.65 184.07 
322.29 217.32 311.76 182.02 
441.3 216.36 487.04 179.96 
416.94 215.22 451.28 178.38 
421.65 202.35 458.16 159 
351.3 201.34 354.27 157.61 
378.59 198.71 395.8 154.15 
351.53 195.49 354.3 149.6 
