2  23 
3  13 
4  1 
5  5 
7  10 
8  2 
9  12 
10   4 
12  14 
13   9 
18  15 
21  35 
23  17 
28  28 
29  32 
31  126 
32  11 
37  34 
40  138 
41  98 
42  48 
43  67 
44  45 
45  73 
49  65 
50  39 
52  62 
55  24 
57  134 
58  40 
59  224 
62  49 
63  80 
65  90 
66  27 
70  109 
80  136 
83  51 
86  54 
88  19 
89  89 
90  93 
91  85 
92  113 
93  419 
94  66 
95  205 
96  156 
97  111 
100  269 
104  161 
105   95 
106  147 
108  115 
110   86 
111  142 
115   47 
117  100 
119  158 
120  283 
122  144 
124  123 
125   76 
128  186 
130   52 
131   78 
132   58 
134  253 
135  149 
137  177 
138  103 
143  202 
147  129 
148  163 
155  106 
156   69 
158  120 
159  218 
160  162 
165  152 
166  168 
167  303 
169  221 
173  212 
174  486 
177  112 
178  185 
179  170 
181  258 
183  203 
184  360 
185  131 
186  155 
187  260 
190   84 
193  165 
195  189 
197  216 
198  242 
200  215 
204  234 
206  198 
207  308 
210  376 
211  250 
212  229 
215  204 
217  157 
219   83 
220  324 
223  145 
224  219 
225  263 
226  256 
227  166 
229  182 
233  214 
234  230 
236  300 
240  209 
242  249 
243  259 
249  357 
252  201 
253  237 
257  369 
258  207 
260  195 
262  265 
263  107 
264  264 
269  245 
270  247 
271  275 
273  270 
276  323 
279  363 
281  179 
282  350 
283  227 
284  274 
285  347 
288  421 
289  226 
296  277 
307  339 
308  317 
309  252 
312  398 
314  294 
320  298 
321  726 
322  266 
325  336 
327  296 
328  251 
332  223 
333  352 
334  646 
335  320 
336  322 
337  291 
346  401 
352  148 
359  217 
362  268 
363  408 
366  431 
370  348 
371  371 
372  423 
376  327 
379  378 
380  349 
382  383 
384  354 
389  341 
392  399 
394  384 
395  340 
398  458 
401  367 
409  346 
410  443 
411  325 
412  397 
415  438 
417  387 
421  271 
427  282 
429  400 
433  417 
434  396 
435  411 
439  407 
440  450 
443  453 
444  391 
445  388 
447  404 
448  318 
451  473 
453  496 
454  433 
456  395 
457  511 
458  429 
460  456 
461  372 
462  716 
465  374 
469  342 
470  546 
473  466 
479  406 
481  460 
484  435 
487  370 
489  382 
490  415 
492  414 
494  280 
496  392 
504  454 
506  457 
511  462 
512  403 
513  447 
516  520 
517  578 
519  495 
523  390 
535  487 
538  498 
539  582 
543  541 
546  524 
547  432 
549  545 
555  573 
556  468 
557  507 
558  499 
559  665 
565  465 
567  488 
568  464 
569  518 
571  525 
572  492 
576  553 
577  542 
586  146 
588  579 
589  571 
590  471 
597  645 
601  533 
602  537 
614  476 
617  560 
623  536 
631  552 
636  531 
638  658 
645  625 
646  556 
647  620 
654  614 
666  638 
668  636 
676  604 
677  657 
680  626 
681  558 
694  644 
698  612 
699  730 
701  698 
707  687 
710  671 
714  710 
716  666 
718  692 
722  670 
724  598 
725  664 
727  782 
729  630 
734  672 
759  679 
761  743 
766  691 
778  715 
779  678 
784  786 
786  717 
791  709 
797  719 
799  722 
800  721 
804  745 
806  731 
815  750 
819  735 
824  667 
830  749 
832  752 
834  781 
837  769 
840  747 
842  700 
846  771 
848  764 
849  784 
852  776 
853  759 
854  690 
857  583 
859  774 
860  751 
863  763 
869  800 
870  797 
874  785 
877  608 
885  808 
887  796 
888  790 
893  804 
894  732 
899  724 
903  779 
905  813 
913  767 
917  826 
921  831 
927  816 
930  757 
931  841 
934  817 
937  704 
939  705 
943  825 
949  846 
955  845 
964  125 
965  261 
966   68 
967  190 
968  132 
969  141 
970  128 
971  236 
972  225 
973  248 
974  602 
975  515 
976  517 
977  655 
978  616 
979  661 
980  696 
981  659 
982  833 
983  451 
984  761 
985  834 
986  842 
987  855 
988  856 
