170.5811      421.8738      171.7474      379.3715 
512.0003      361.8684      510.6732      336.8063 
110.6844       421.874      110.3961      404.3582 
470.4866      364.3801      469.5615      339.3681 
388.5849      318.0844      389.7729      368.1156 
504.9257      408.1697      502.9259      376.8877 
109.7529      403.1988      115.0088      376.2669 
426.2976      343.1157      426.6086      365.6287 
593.5079       217.195      590.5405      174.3809 
232.8421      406.9191      233.9278      383.1046 
550.0684      338.1067      550.6976      361.9061 
553.7304      361.8468      552.5074      335.5955 
429.6528      366.8619      428.4118      340.6114 
508.2138      338.1218      509.0647      361.8861 
230.6649      408.7896      199.3776      410.6687 
377.1327      436.9195      376.5705      424.3887 
254.4079      407.6384      234.3374      408.5022 
29.90916      195.6157       30.4677      303.1258 
387.8111      221.8653      388.7946      316.8939 
29.09877      143.1465      30.16856      156.9105 
596.6849      285.6946      593.4166      218.0505 
149.3687      420.6268      146.9113      411.8648 
356.3732      188.1419      355.3182      156.8854 
256.1331      299.3616      257.1855      339.3668 
598.2305      338.1339      598.1429      326.8651 
598.2007      325.8145      596.1873      286.7815 
363.1309      414.1502      333.1214      414.2276 
562.2701       308.105      560.8757      280.6123 
493.3744      183.1117      492.4401      165.5949 
609.9076      266.8321      611.9232      291.8711 
50.686      418.1729      49.97641      400.5505 
420.5274      365.6631      421.1107      348.0171 
50.64343      106.9055      90.28575      82.95079 
467.0989      339.3692      467.7421      364.3848 
455.7228      258.1196      454.7502      240.6042 
502.1499      355.6151       502.782      373.1374 
520.8865      126.3784      540.6669      136.7954 
504.6733      361.8793      504.8375      350.6135 
242.4266      299.3615      243.4045      339.3682 
298.9145      272.9625      295.9223      235.4022 
599.5075      142.8757      615.7429       151.505 
601.5058      365.8497      598.8589      346.7732 
358.092      423.8513      324.3969      425.9722 
355.2198      156.2639      286.9688      112.9772 
558.1354      280.6245       559.291      305.6289 
544.588       393.106      544.9619      421.8674 
180.5311      303.1269      181.3708      344.3598 
69.48005      65.69675      42.31661      105.4692 
426.0877      314.3524      425.4181      300.6351 
120.4906      306.8766      120.9607      345.6209 
269.9305      295.6424      271.0242       339.365 
206.197      238.1768       207.239      276.9324 
140.0165      405.4683       140.769      420.5555 
30.68601      417.2151      49.43552      418.4724 
611.5051       296.807      615.9578      354.4459 
501.8171      143.6398      483.0848      145.1151 
344.6479      226.9141      343.6945      203.1022 
492.0541      166.2706      598.1026      160.2316 
311.2583      164.4002      309.9804      133.1003 
604.1436      209.3381      605.7712      254.3245 
327.6321      174.3948      326.3753      143.0949 
204.521      126.8708      205.4192      158.1309 
613.2982      249.4831      609.3857      210.4985 
375.6878      245.4753      363.2753      240.2668 
515.4714       283.133      516.7669      308.1306 
248.1467      339.3745      247.3052      300.6428 
291.9506      104.2606      362.8118      151.0989 
299.6567      380.6854      303.9764      360.5395 
193.7887      301.8908      194.8634      341.8619 
270.2893      440.6556      269.8791      419.3653 
295.1461      214.3865      294.2777      178.0974 
630.7193      143.2663      628.2545      123.1092 
559.1543      253.1311      558.4665      228.1156 
484.5532       115.617       483.712      96.84869 
461.8594      136.7303      479.4245      134.8339 
559.8684       335.599      561.1235      359.4146 
166.8171      225.9475      184.4046       224.849 
342.913      181.8853      341.5715      154.3289 
385.3807      471.6999      396.7259      469.7552 
555.2435      228.1492      556.8289      253.1279 
481.4066      95.59462      482.6718      128.1426 
536.0399      113.6543      521.2866       125.219 
420.1127      236.8287      421.5302      259.3967 
86.52847       246.895      86.96603      281.9051 
380.2612      242.7655      364.1471      236.1829 
435.9012      340.6177      436.5269      364.3842 
133.4513      305.6195      134.1259      345.6292 
414.2741      463.6929        360.77      471.6052 
521.8969      361.8741      520.8687       336.865 
266.1616      121.8584      267.1269      153.1172 
144.727      131.8656       145.559      163.1268 
615.6412      151.8729      618.0442       170.794 
518.0646      336.8776      519.1338      361.8853 
610.5072      192.4545      629.4161      191.2942 
463.5207       286.861      464.4074      311.9181 
299.0988      414.3961      298.6152      379.3338 
565.3958      118.7062      588.1682      115.9866 
467.4557      313.0979      466.3451      289.3413 
487.4641      163.1763      486.2023      146.9272 
553.4343      308.1017      551.3508       280.476 
86.14063      136.8637      86.82781       168.126 
172.0651      444.4109      171.3857      424.3492 
105.7247      244.7636      144.4833      242.4061 
481.2385      60.41286      485.3806      72.39175 
23.81307      151.0471      10.32604      146.5146 
192.576      240.6391      193.4751       275.616 
108.1769      305.2916      149.4361      302.9534 
243.0636      450.3245      263.1311      449.5294 
301.5078      335.6959       299.911      299.2966 
325.6241      417.4397      353.1257      417.4018 
422.3195      290.6115      422.9675      311.8798 
85.90701      190.6217      86.29622      224.3961 
166.8836      240.7521      205.7099       238.134 
196.5737      159.3292      195.1244      129.2786 
439.4759      365.6196      438.1467      340.6905 
503.0462      335.1306      529.5245       333.934 
411.7691      369.6276      426.9579      370.6984 
337.0852      151.8668      338.1558      179.3738 
359.7793      241.8661      360.8509        290.62 
353.2801      209.3299      353.9247      229.3895 
628.2933      122.9573      625.3429      98.01053 
374.5485      105.6547      376.9442      91.67268 
514.6058      202.0169      513.2675      180.6161 
625.4694      413.5085      601.9385      415.2386 
50.44245      401.5414      54.77675      382.9275 
505.668      199.3733      504.9242      180.6528 
492.9824      364.3747      493.0037      354.3747 
145.8477      243.1364      146.1387       269.397 
228.1897      236.5661      268.2582       233.813 
601.0493      376.8443      600.3303      366.8963 
234.5165      339.3528      233.9187      301.8823 
304.3219      130.6271      305.4961        160.63 
381.9164      174.7988      422.1431      170.8687 
480.3367      363.1358      479.4493      339.3722 
631.653       105.772      638.3851      104.4173 
510.4795      180.5543       511.685      199.3872 
489.1762      154.3846      494.0485      255.5805 
543.9763      363.0974      545.3705      342.9345 
119.4445      245.6232        120.33      279.3827 
293.225      291.8677      294.2285       305.544 
284.4962      57.08984      338.1639      98.44657 
464.8852      258.1091      464.2221      236.8798 
481.3985      95.47844      477.4225      40.58534 
48.15917      248.6592      85.74525      246.2548 
106.9636      190.4979      143.1853      187.6393 
290.9956      112.3054      23.27269      136.0409 
592.1938      159.4553      590.6691      141.7635 
382.6379       48.2215      391.9296      95.11887 
565.6866      202.8874      538.0607      204.5675 
212.7005      384.3244      214.0898      406.9692 
293.6068       155.661      292.0796      123.1154 
517.7369      253.4853       515.971      239.3318 
230.7413      298.6474      250.7372      297.3348 
81.86551      455.3061      203.1569      451.6982 
241.1572      238.1086      242.2007      271.9035 
476.6796      339.3841      477.7824      363.1409 
510.6968      308.1221      509.8439      286.8562 
132.4729      244.3912      133.3098      278.1514 
323.1136      193.1622      323.9973      223.1361 
74.66654      320.6236      74.69109      348.1247 
205.3499      224.6368      214.7624      222.0166 
458.5004       310.605      457.3687      289.3487 
28.35786      139.9415      9.268498      133.4376 
29.92097      329.1961      26.85617      341.2556 
194.3925      300.0682      209.3829      299.6905 
414.8689      260.6022      413.9436      240.5872 
504.977       426.868      504.8613      416.8838 
523.195      205.4778      498.0583      207.0736 
166.9905      185.8674       203.217      183.0628 
529.6086      331.9475      530.6073      363.1656 
150.5596      227.3679      166.8331      226.8379 
485.0216      73.09612       485.327      93.14857 
123.4807      165.6044      121.7403      135.5604 
421.7806      203.1287      421.1356      186.8548 
349.1899      446.9483      421.8832      443.2881 
258.2674      153.0377      256.3895      123.0771 
28.00498      355.4064      32.42606      378.2602 
462.181      364.3427      461.7911      345.5748 
266.794      176.9136      267.8079      211.8479 
325.6182      191.8884      289.2405      173.3895 
146.8491      51.62666      167.0207      49.52047 
288.2468      173.4315      94.21735      188.6096 
378.4515      79.52858      381.2612      50.68697 
170.4085      49.98921      189.3395      47.81557 
324.3641      228.1492      313.1321      223.1092 
327.8582      225.6781       326.674       191.882 
356.989      207.9033       330.635      194.3555 
548.5976      129.4292       547.978      120.5481 
426.8873      369.8912       445.618      369.9627 
128.1571      54.67876       146.831      52.70808 
60.61133      249.3754      61.53605      283.1343 
226.9226      181.2112      265.7212      178.0594 
417.6803      308.3308      415.1956      287.8735 
490.8772      135.7901      505.6313      133.1603 
568.4124      278.2033      569.4706      308.1216 
144.9289      186.9062      145.4497      219.3978 
363.6223      232.4571      380.6013      239.4326 
490.4861      254.4143      488.5728      186.8623 
520.1812      414.6304      526.5993      425.7836 
204.8774      181.8938      205.7272      215.6539 
254.6088      236.8658      255.9817       271.861 
430.5845      211.1683       404.349      212.6721 
49.4478      308.2774      89.40501      306.2031 
198.0925      274.3151      196.4291      240.5239 
218.0898      418.6326      253.1296      416.9717 
628.6445      190.7039      628.3068      176.8706 
301.6291      295.6375      300.6713      276.8091 
168.313      218.1446      167.7343      186.7899 
233.1859      271.8078      231.4526      238.0184 
243.6461      155.6679      241.7984      124.3059 
258.0051      296.2875      267.0331      296.8537 
11.7366      70.8465      70.7633      62.9029 
298.1297      235.6096       306.838      238.2473 
395.4263      85.65366      390.8843      54.15735 
433.1458       320.166      408.0974      320.8235 
50.66014      194.8534      84.41168      192.3744 
131.6654      190.6038      132.2767      220.6423 
473.0773       208.555      445.5976      210.1547 
462.3084      204.3675      461.9623      184.3735 
53.17876      225.5649      51.85166      196.7609 
268.5637      234.4019      269.8476      273.1921 
593.6894      120.7857      588.7072      99.53155 
125.9      345.6194      125.1102      306.8346 
179.3498      241.8756      180.2087      275.6356 
168.1634      301.6901      194.4693      300.7425 
199.1447      341.8639      198.7237      303.1321 
487.827       336.885      488.7888      365.6028 
171.3435      275.5976      170.1014      243.0496 
569.337      258.2695      535.6268      259.4267 
382.5048      148.0915      383.8376      173.1536 
525.6177      260.4436      499.3601      261.5072 
541.3659      106.4456      549.0213      111.1952 
-0.146005      23.5795      8.52588      27.5022 
112.2375      279.2974      110.6711      246.7525 
632.7304      156.7522      630.9216       144.153 
203.1141      45.43899      235.7218      43.52486 
72.7438      89.5333      66.5118      74.5258 
182.6188      161.9051      180.6773      129.2975 
78.33282      224.3153      77.10277      194.2634 
306.04      186.8591      307.1893       216.863 
396.0002      101.8684      395.9455      119.3799 
573.1143      313.9354      543.1017      314.6647 
184.4289       265.622       183.098      241.8067 
73.5372      249.3699      73.95794      283.1146 
446.8726      336.8932      447.3088      366.8687 
424.7664      300.6393      425.0882      291.8553 
461.2888      238.0774      462.6404      256.9098 
125.0016      279.3492      123.6079      245.5535 
231.0832      213.1167      230.5849      185.6031 
405.6209      209.2132      429.3873      208.6067 
460.6202       367.555      479.3688      367.3957 
601.9411      402.9923      606.1089      365.8194 
420.9476      350.4799      415.8982      339.2521 
111.872      236.8601       100.334      239.1746 
625.0089      97.86574      638.1696      89.44476 
246.3515      271.8556      245.5157      240.5945 
522.0867      120.8996      541.1008      106.2422 
172.7656      388.0202      176.9514      373.6682 
78.85781      281.8463      77.58219      249.2983 
473.1317      263.2697       445.575      264.5409 
491.3495      110.3855      513.1924      121.7453 
563.0753      438.1779      611.8968       436.151 
53.59586      283.0669      52.58244      253.0589 
529.3521      316.0184      503.0875      316.7199 
548.4789      195.5861      547.5139      186.8048 
167.5977       388.104      166.3438      419.5532 
225.5978      299.2641      225.9385      306.8609 
234.7078      384.0657      239.1268      370.9628 
519.4186      308.1846      518.3661      286.8631 
313.6511      219.3999      312.6586       190.598 
409.3907      233.8239      430.6861      233.3455 
421.8539      171.6107      488.2789      166.3002 
124.9175       198.505      121.1925      191.5702 
66.23127         281.8      64.96868      250.5505 
104.0734      305.6331      105.1185      344.3887 
113.5962      324.0364      110.0951      306.2414 
214.3813      230.7077      147.9451      235.7598 
498.6568      376.8615      498.0235      410.6465 
551.8574       141.152      533.1185      141.6091 
513.5896      234.3516      514.5331      253.1171 
321.3649      141.8477      322.4251      170.6047 
390.8261        395.61      392.5002      418.0784 
552.9975      178.1322      554.0611      196.8928 
197.0273       215.543       195.271      185.4995 
214.6653      334.3639      214.9543      309.3672 
258.1906      211.8737      257.6535      184.3598 
61.28551      309.3902      62.31946      349.3635 
412.4456      33.36423      426.1013      72.14742 
492.7723      320.6341      491.3775      266.8555 
619.5541      361.8629      614.8372      291.9281 
110.8176      221.8738       110.677      199.3669 
338.9724      201.8948       339.077      210.6286 
31.62635      379.3551      31.94706      415.6244 
60.40527      195.6296      61.03437      225.6426 
409.3036      150.5259      408.0324      119.3788 
478.1331      318.4265      450.6194       319.165 
29.81426      311.7425      28.12512      322.0793 
141.864      235.5061      114.2538      238.0707 
137.8455      278.0896      136.6571      245.5417 
501.939      228.5308      524.4537      227.6603 
72.93358      194.3789      73.54743      224.3919 
393.521       117.756      397.7154      150.6772 
433.0925      265.7309      406.8637      266.4748 
137.5192      164.3366      135.6564      133.0487 
191.4378      185.6026      192.2661      215.6487 
168.084      424.3705      168.0101      445.6289 
172.3484       343.123        172.19      305.6184 
563.7991      361.8421      562.5791      336.8406 
0.618079      457.1226      14.39226      457.5076 
66.56225      348.1346      65.36628       309.306 
151.5035      395.5887      151.8172       403.179 
53.65296      349.3707      53.34824      311.8833 
589.3795      416.6786      574.3298      416.3305 
186.1088      343.1128      185.0954      303.0751 
429.3789      150.5116      416.8506      150.0752 
79.38913      348.1247      78.53613      309.3385 
544.3837      226.0694      566.9242      225.6262 
163.8137      301.8921      165.0305      341.8931 
259.9052      364.8926      273.5358      374.7608 
5.41567      136.0147      27.79363       142.945 
101.8525      350.2646      125.5881      348.7834 
137.1835       219.295      135.7074      190.5566 
261.6265      338.1067      260.9414      300.6421 
351.5098      160.6392      352.5327      186.8981 
239.5222      181.8696      240.6603      213.1237 
303.4572      360.6579      303.2099      344.3737 
16.61701      113.0879      16.94753      121.9191 
183.0132      216.8698      182.8931      190.6203 
448.104      372.3983      475.6532      371.6024 
225.7804      308.1205      226.6886      339.3804 
458.8455      184.3318      459.9005      201.9185 
615.5565      355.6405      622.5753      386.7168 
167.721      161.8583      167.3014      140.5919 
453.8475      143.3196      440.3464      150.0675 
118.655      190.6453      119.5341      221.8705 
148.6249      378.7223      153.9347       396.503 
196.0699      367.5092      210.9011      378.2231 
439.5936      147.1968      453.0679       138.041 
260.2061      269.3305       258.465      236.7899 
410.7385      285.3088      433.2427      284.1394 
178.1279      186.8749      179.0467      218.0979 
503.1196      257.8091      524.3633      257.4449 
244.6341      211.8432      244.0806      185.6048 
425.5772      73.14821       437.543      97.80077 
538.173      332.9899      573.2694       331.479 
90.89562      387.9046      92.91915      413.3403 
15.60736        130.43      291.8582      105.4392 
311.8197      223.1399       315.846      238.0654 
430.4462      234.4365      431.5713      260.5843 
546.9143      278.2731      569.4668      277.6389 
29.36397      111.9055      17.81579      107.7302 
138.7752      343.1118      138.0118      305.5765 
228.2742      155.6097      228.0553      135.6121 
451.8337      260.9109       471.904      260.0505 
306.8129      448.0558      331.9338      446.8727 
506.8559      365.6752       525.621      365.3767 
30.6072      352.2656      61.89556      351.6176 
401.8622      152.7376      384.3813      153.3161 
454.3679      336.1437      486.8736        336.22 
550.512      253.0704      549.6712      235.5508 
50.7585      170.6271      51.10851      148.1131 
390.0957      53.48007      388.2728       44.3455 
399.2556      164.3767      399.1288      155.6105 
415.682      105.5459      405.5415      98.24092 
526.1768       280.664      526.4522      294.4085 
396.9135       95.1644      405.7065      95.89844 
410.6226      263.0436       430.642       262.448 
597.8153      98.12281      597.7003      114.3808 
249.3713      58.31414      274.4104      58.80016 
453.1264      283.1563       474.499      282.2274 
505.6262      280.6479      527.0136      279.5319 
565.8623      225.7368       567.215      253.1082 
92.33926      77.99517      106.4667      72.13996 
176.1475      130.5989      177.6507      160.6487 
152.8946      326.8868      152.6757      299.3786 
188.1787      45.27316      200.5803      47.16748 
414.377      338.1876      446.9636      337.1452 
252.9823      180.6306      254.1981      211.8819 
433.1553      100.0448      421.8057       99.4514 
378.531      149.3899      377.8266      109.3803 
413.6771      43.29178      398.4757      93.60858 
148.158      303.1478      148.9311      344.4067 
450.6181      231.7611      473.2623      230.3855 
97.5146       323.082       96.2749      340.6708 
339.3237      214.3433       339.755       230.648 
383.9272      233.3077      382.9533      224.2589 
411.8614      317.1506      433.1247      316.8545 
498.1622      203.9786      521.8672      202.9452 
584.3733      361.3674      599.3732      361.3525 
206.8885      278.3407      163.0753      281.0802 
269.3911      274.6508      225.5715      277.2073 
94.007      339.3945      93.14088      323.0579 
130.8935      134.3614      132.4825      165.6576 
493.1458      441.1346      524.3438      439.8601 
506.8465      313.0764      526.8643      312.6364 
587.6042      172.0892      564.9658      178.1715 
239.2153      370.1629      251.5397      365.9045 
445.6511      206.7225       470.637      206.1273 
136.1008      370.8574      150.1505      381.2656 
112.3531      346.8838      112.7673      324.3684 
397.0232      370.1883      409.5624      367.9038 
93.17029      188.6999      29.42207      193.7224 
314.7216      279.3684      314.0023      241.8582 
55.47072       377.628      69.42782      373.2951 
72.6928      139.3369       74.0916      169.3882 
507.5222      253.1445      507.0356      238.1198 
545.6268      255.6927      566.8614      255.1205 
65.19558      225.6282      65.28356      203.1188 
89.30334      350.9181      100.6768      350.0664 
264.3358      449.7239      305.6707      447.9268 
481.235      121.4501       462.538      135.2718 
598.2606      164.0375      607.3981      175.1967 
161.9085      330.6466      161.4429      304.3827 
454.3732      315.3038      474.3725      315.1896 
236.9273      124.2977       238.788      155.6598 
294.4872      101.8493      14.43299      127.5079 
432.1485      285.6588      433.1857      315.6229 
108.9103      165.6224      108.8429      145.6226 
556.2512      193.1021      555.7941      180.6188 
273.6      373.0529      279.3164      388.9465 
190.5021      130.5717      191.9249      160.6817 
448.1029      442.1123      491.8594      441.1582 
540.6555      201.3126      564.3589      200.2612 
105.8944      381.8763      105.8611      421.8794 
330.9261      122.6792      367.6935      147.5139 
410.0812      194.3577       410.388      206.8808 
331.133      237.5623      343.3723      240.9926 
64.84089      170.6251      64.84401      149.3749 
145.682      223.8936      103.0458      227.0568 
408.0484      94.47854      407.1529      83.00575 
523.9811      228.1804      524.9062      255.6071 
35.95832      305.6145      37.21384      345.6536 
406.518      80.89523      410.7493      66.91261 
572.15      348.1169      572.0776       356.887 
176.6651        372.09      194.4477      368.4837 
356.8911      157.0307      373.0972      155.3558 
11.04817      146.8998       0.18535      143.1479 
85.63808      228.3147      45.56999      231.0772 
123.7663      220.5953      123.4126      198.1008 
327.6805      143.8521      338.6511      150.5591 
546.8761      368.1587      593.1151      366.5832 
59.44147      175.3782      29.40768      177.3682 
206.8104      219.7099      163.1018      222.7961 
27.25665      306.4086      29.00267      312.5168 
151.8201      404.3418      152.2388      419.3996 
210.5788      344.9021       238.126        343.14 
317.3942       239.561      324.8237      234.4583 
15.4118      50.6487      15.6956      68.1441 
195.6344      345.2466      209.3828      345.0984 
268.1015      215.3043      224.3117      218.5101 
20.78329       179.358      21.19219      153.1144 
59.09051      140.5914      60.09253      169.3935 
208.4591      312.9726      210.0183      341.9748 
251.8302      123.0721      253.2612      155.6739 
296.1757      124.2819      327.0016      142.9155 
331.3141      280.6447      330.1706       248.097 
398.3416      0.615241      397.5624      83.13149 
473.732      283.1963      474.8593      313.1067 
191.8843      164.4875      60.49796      175.3365 
145.6421       282.152       104.318      284.7016 
126.8453      348.7006       195.627      345.6703 
116.9009      135.6239      118.1398      165.6759 
284.4395       119.846      267.9845      122.0986 
330.3935      106.8793      330.6742      121.8974 
93.09083      168.3618      118.1181      168.6743 
298.6174      233.1639      297.8421      218.0753 
362.3547      171.8944      374.3351       173.435 
544.5992      186.8653      545.1395      199.3419 
615.3732      284.5721      612.9119       265.817 
493.9493      255.6412      497.6497       353.143 
586.6296      126.4473      564.0785      128.3379 
39.36254      456.4463      54.39701      456.6745 
88.41095      306.9048      89.68617       348.154 
508.1041      369.8434      539.3986      369.0079 
31.80571      190.9772       106.937      185.1787 
482.9741      144.1337        455.42      145.6505 
421.9193       442.933      444.3799       441.993 
109.2676      184.2031       204.386      177.0202 
252.2668      364.6563      263.6734       369.269 
455.1072      136.1877      476.4725      120.0908 
5.625       446.875         5.625       429.375 
624.3361      388.2038      622.8794        364.39 
339.3467       150.667       352.851       159.781 
346.4331      288.1386      345.3956      254.3437 
34.375       426.875        34.375       446.875 
104.2831      238.3207      82.97708      240.1788 
115.4205      374.5984      132.9711      371.1024 
101.8882      314.3726      99.85973      303.0383 
302.2154      80.14672      316.8961      90.59532 
526.5801      295.5774      527.3282      310.6024 
78.45471      169.3766      78.55543      148.1211 
471.9659      231.9068      472.6835      258.1029 
449.3277      387.0544      494.4054      385.0637 
500.0963       410.565      501.9716       433.117 
548.101       311.116       570.618      310.4043 
356.9125      194.3068      290.2203      157.6104 
388.3818      43.13728      390.4188      0.555339 
86.87364      285.6026      45.54855        288.12 
505.5822      385.0589      585.6916      379.0071 
55.60793      456.1196      73.12723      455.7238 
66.77185      352.2079      78.15898      350.9271 
301.1539      101.8921      300.7082      83.12302 
586.7116      156.8837      585.7821      139.3667 
224.2867      159.5391      269.3949      155.8699 
373.0984      179.1591      357.8676      181.0328 
19.375       429.375        19.375       446.875 
426.2494      83.35854      415.6062      54.84866 
457.6685      346.8685      457.4547      361.8833 
314.1127      114.7765      295.8212      102.8248 
0.279091      194.0545      11.79496      198.3401 
70.0896      373.6669      81.22506      377.7307 
354.8996      258.1015      356.4173      291.9516 
4.375       429.375         4.375       446.875 
394.2325      145.7889       384.824      137.6086 
413.0524      291.8223      414.0622       314.389 
454.3784       374.486      411.8799      375.7852 
581.4488      394.3224        582.09      404.3613 
105.6067      224.1039      144.3494      221.4953 
364.3752       222.047       378.125      222.0493 
106.1555      70.73092       132.289      54.29573 
271.8724      340.8237      285.6365      341.0053 
290.8056      171.5223      325.6334      189.3585 
346.3167       253.225      354.0456      256.4215 
539.0732      338.1512        540.92      359.4578 
563.3995      181.8308      566.5034      201.0879 
606.9995      115.6226      607.2893      130.5685 
631.9107      202.2748      601.8587      201.0133 
371.6436      251.8431      372.3114      273.1505 
48.13902      228.3244      69.37194      226.8315 
377.6562      290.6464      376.9107      274.3163 
512.6828      130.3821      485.9463      118.6433 
92.75509      414.3124      92.53525      424.3894 
316.4398      341.8852      315.4706      300.5993 
313.1587      110.6239      312.5871      93.14259 
168.8611      80.61821       169.057      101.8664 
504.0409      235.5715      505.2127      255.6491 
324.8961      246.8196       325.915      279.3659 
436.8561      386.9134      448.1403      387.0786 
528.0729      439.7095      554.4509      438.2091 
606.8674      203.1832      618.2493      204.6789 
58.12203      173.0894      83.15623       170.999 
226.8841      274.5223      268.1307      271.9665 
249.008      52.86798      255.6817      56.77817 
333.1792      128.0462      315.1943      115.6831 
411.252      240.6086      411.7755      260.6276 
546.0107      233.1008      547.2721      253.1786 
269.4333      154.0213      286.7786      152.8933 
411.0433      79.36496      411.3739      93.13703 
30.59888      172.4059      56.84685      173.6971 
205.5634      177.3406      286.9012      170.9585 
332.0825      192.7196      357.9533      205.9606 
493.077      373.0552      459.3716      374.2802 
563.1501      174.7433      542.9881      176.1195 
275.6746      345.4136      36.87238      356.8202 
340.5078      253.0911      341.4083       283.139 
400.5737      388.2845      418.1524      387.4583 
417.7957      110.8964      427.3622      122.5037 
165.6342      278.2726      205.6348       275.782 
20.69311      456.3049      39.62875      454.4078 
70.5643      70.6501      76.7769      85.6656 
244.2972      49.45989      248.2602      53.09151 
249.3669      342.7222      270.6334      342.2939 
406.8848      376.2469      391.8689      376.0124 
594.4644      165.8169      549.3279      168.6155 
165.0093      275.6331      165.4412      241.8407 
79.362      351.3203      88.13647      351.1147 
237.1071      155.4173      229.4043      154.1909 
189.3726      161.8043      204.3977      161.2985 
315.9864        161.85      314.5166      140.6152 
422.2      49.52034      414.5136      0.603216 
559.3364      390.3724      598.3221      384.4147 
205.4184      159.8784      223.2449      158.0341 
553.12      405.6253      552.3214      390.6013 
13.125       428.125        13.125       446.875 
235.1589      43.60385      243.8813      52.38128 
438.0197      410.6322      439.6399      434.3569 
3.125       448.125         3.125       429.375 
164.3364      220.0742      204.4024      217.2653 
452.3446      239.3554        453.13       258.177 
45.71377      141.7961      29.55661      143.0208 
621.1649      400.6462      621.6082      389.3645 
225.633      215.7413       266.859      212.8932 
380.3708      420.6417      381.4413      436.9036 
469.7256      191.6649      471.7246      206.8947 
365.4417      149.6482      333.7755      128.4053 
574.3811      369.5199      528.1082      371.4795 
12.13022      149.3669      13.03872      178.1277 
283.1469       157.139      196.8681      164.2919 
414.9035      341.8347      416.6253      364.3941 
526.863      371.5867      506.8456      372.4172 
307.8547      240.5938      308.8923      273.1404 
428.1394      183.4079      409.3745      184.3659 
500.276      158.0831      499.7537      146.8574 
576.8778      403.1969      555.6111      404.0127 
300.733       344.844       294.261      343.9493 
0.691511      44.2093      16.4149      50.5212 
298.4892      151.8519      297.1399      130.6082 
332.1805      170.6019      330.6719      150.6215 
426.2017      121.7622      427.9123      149.4653 
429.0358       190.535      430.7969      208.3551 
309.5226      300.5876      310.5619      339.3767 
488.2129      265.2764      468.1597      267.2312 
611.857      154.4075      605.4879       150.872 
161.873      164.3464      184.3481      162.7473 
469.3277      181.0393      450.6375      182.0962 
373.0156      293.1839       374.532      328.1724 
156.9697      430.6174       156.863      446.8667 
277.1809      389.1703      279.5297      407.0191 
308.0024      342.6994      366.9361      351.4643 
405.6596      438.9539      376.8554      440.1554 
99.3525      88.12534      99.67533      109.3704 
103.247      136.7564      88.01967       138.398 
20.625       446.875        20.625       429.375 
520.6468      177.5956      501.8762      178.1631 
147.6907      101.8258      146.8602      88.05053 
382.1065      363.1151      379.9754      313.0994 
201.7945      449.1384        219.45      449.7663 
50.63211      436.8266      51.11465      449.3561 
221.9513       126.427      206.7323       127.874 
48.11025      285.3722      85.62838      283.1829 
281.5747      340.5026      286.4784      328.4729 
46.33521      225.6377      46.89251      194.3753 
163.099      131.6169      146.7629      133.2627 
226.106      390.4178      227.3035      400.4241 
79.8108      84.7378      71.8542      66.8843 
397.1454      85.37842      408.0234      42.16409 
45.88649      406.8785      45.76878      415.6437 
614.0802      180.6858      611.5066      168.2009 
619.375      403.1285      603.1193      403.2073 
500.2195      201.8967      499.3503      185.6263 
533.0593      143.2383      512.3659      131.2513 
9.216861      176.8764      9.013232      153.1281 
365.1419      324.3921      363.9917      291.8444 
0.830954      429.3678      1.486291      448.1386 
109.369      281.7625      134.3652      280.4401 
413.0352      363.1271      412.4141      336.8623 
14.54576      203.7876      23.28403       206.328 
165.5226      71.52995      176.5444      68.26055 
363.2355      274.3728      362.7696      250.6075 
486.0037      181.1411      471.5768      184.2342 
548.5615      416.8915      548.6471      408.1179 
285.6309      328.1525      285.7965      320.6013 
81.875       445.625        81.875       425.625 
273.1989      381.8865      271.0572       395.692 
521.3124      184.2662      524.3607       203.523 
591.0809       391.605       583.481      395.1403 
193.3088      175.6567      193.0107      165.6284 
286.3335      121.8601      286.9118      149.4005 
317.8571      87.24731      305.4732      78.33593 
384.4081      198.0899      377.9423      191.9931 
125.625       445.625       125.625       424.375 
378.8385      190.5673      366.3874      184.1465 
134.3873      279.9152      145.6315      279.6593 
141.8986       448.972      106.9258      449.9466 
144.2621       164.973      163.0967      161.7118 
222.8936      154.3762      222.7556      128.1269 
26.07984      187.5719       17.2604      185.3472 
163.9212      134.3565      164.5589      161.8707 
228.5893      240.6094      229.6366      271.8662 
70.61494      226.7428      85.62317       225.601 
316.5955      300.4574      326.5756      303.0346 
542.4805      199.4093      541.6121      183.0725 
334.6796      100.2512       325.136      92.47515 
404.5258      187.4101       387.957      186.8506 
595.6068      367.9404      576.7932      369.7949 
291.8161      355.5796      294.0598       414.387 
49.33546      253.1252      49.45609      283.1247 
229.1438      339.3876      228.1232      320.6251 
58.07611      138.2895      73.05822      138.8073 
216.9991      95.68086       223.878      80.40126 
287.9345      175.5954      291.0755      288.1473 
332.8112      343.1319      332.0175      306.8445 
347.8854      345.6308      347.0107      309.3416 
538.6554      175.1061      524.8881      178.7916 
162.1938      159.4018       161.473      134.3866 
316.6579      141.8841      317.7021      166.8927 
285.4498      320.7059      285.8891      308.0907 
450.4353      258.1358      448.9422      231.8996 
501.9035      255.6675      500.9876      229.3624 
619.3676      204.6322      636.8891      205.1367 
18.125       446.875        18.125       429.375 
279.6889       329.386      279.7328      323.1187 
136.8413      419.9687      113.0897      421.1876 
105.625       141.875       105.625       166.875 
226.7995      271.8989      226.1678      236.8652 
119.3757      168.1318      143.1331      165.7038 
407.5679      206.8934      407.0705      191.8685 
48.125       148.125        48.125       170.625 
167.0087       341.884      166.8175      318.1255 
375.6111      440.3889      355.5336      441.5681 
537.1596      354.4182        536.15      331.8515 
439.9114      348.3602      443.9946      360.7504 
449.3781      419.3747      450.7709      433.1102 
74.25229      136.7886      84.14228      137.8316 
106.9345      344.3791      106.8486      319.3751 
107.5321      248.1083      108.3249      279.3699 
130.742      131.1522      142.0991      132.9905 
448.113      204.4298      447.4586      189.3497 
26.94316      294.3262      16.83386      294.8998 
409.1976       260.635       407.725      234.3975 
62.2038      396.9204      63.74408      428.1561 
11.84385      238.4632      6.771739      237.9959 
176.3476      66.09384      201.3571      49.20939 
271.8694      399.2534      256.8437      399.9506 
45.51621      169.3756      45.39363      145.6262 
47.84849       348.126      47.74107      319.3718 
106.8801      194.3749      107.2145      221.8709 
117.0209      132.3138       128.354      134.3518 
451.7882       296.879      451.2165       284.348 
546.3387      291.8965      545.8351      279.3166 
105.4398      279.3859      105.1833      245.6189 
252.1735      65.31946      284.4383      96.83977 
225.3022      213.1288      224.9225      180.6186 
408.5127      0.594392       410.686      28.12019 
326.3112      304.3505      327.6504      341.8919 
504.0963      295.6404      503.3335      281.8635 
598.2074      380.5656      583.1067      381.6113 
385.0104      191.1031      379.5765      186.6303 
544.2353      253.1795      543.5461      235.6085 
48.62138      198.1118      49.35558      225.6255 
280.9069      89.06594      265.8726      75.35351 
139.3223      69.47315      159.5319      80.33299 
224.5603       130.616      225.7738      155.6178 
31.71085      119.5921      47.94809      117.0118 
15.42929       446.888      14.17938       428.138 
105.149      221.8889      104.2359      190.6291 
309.9444      208.1486      309.2071      186.8808 
381.8079       185.714      372.6231      178.7909 
103.6409      164.3934      103.0138      139.3778 
227.0793      185.6193      227.8472      213.1328 
166.8865      100.1069      149.3674      99.71888 
587.569      176.8423       592.814      288.1397 
608.8399      166.5266      601.6475      162.2583 
317.9829      99.38519      319.0602      114.3976 
342.0442      308.1465       342.765      344.3822 
340.5529      442.9312      350.5822      443.2448 
186.3803       86.8058      187.4233       98.1893 
521.8838      264.5226      500.6347      265.7885 
637.4656      214.3592      637.9016       230.631 
471.8735      369.3518      448.1393      370.8507 
47.21006      283.1378      46.73729      249.3769 
147.5359      459.3576      146.9824      478.1282 
356.4889      313.0968      357.5936      346.8924 
539.3617      366.6227      506.8862      368.3374 
215.0791      78.11566      214.7367      98.13119 
236.7878      122.2083       274.423      118.6301 
165.9004      189.3668      166.7168      216.8797 
182.8553         58.89      163.8633      69.45249 
239.3581      381.8805      244.9877      399.1756 
228.9478      76.37038      216.8422      69.43229 
178.0734      70.05481      211.8859      66.99549 
365.9172      349.2786      367.1746      336.7794 
383.4214      339.3626      384.1021      355.6364 
424.6106      421.8561      425.6149      434.3758 
474.2864       420.633       475.419      433.1437 
139.977      390.7927      137.2126       400.719 
383.8213      406.8463       383.102      389.3759 
204.3979      124.6578      231.9196       122.425 
316.5739      401.9379      318.8248      368.0056 
356.9587       475.441      315.6688      478.6828 
166.8927      245.6245      167.7808      275.6352 
21.74797      243.1213      21.78517      254.3753 
159.8024        419.42      158.6358      398.0971 
244.7343      397.8741      250.4137      377.7133 
293.1839      84.34084      278.1587      85.06921 
317.9508      411.9159      315.2504      400.4194 
96.87853      105.7085      59.28717      107.2981 
103.5346      94.33461      104.6573      105.7204 
209.1054       61.0639      231.5747      74.86396 
239.3552      171.6712      216.8249      173.8596 
274.3113      76.87331      298.1268      75.66074 
588.1314      364.5796      568.1119      365.2064 
89.37272      450.5808      104.3972      449.8062 
108.6477      323.1046      109.4793      344.3709 
480.634      407.3094       466.864       407.595 
131.4655      58.46657       139.975      68.66727 
590.6109      432.5128      575.6189      432.8585 
149.831       475.634      149.6179      456.8722 
180.4467      384.4285      185.5769      401.5141 
511.8923       118.265      524.3561      116.7222 
116.2647      93.05973      117.4265      104.4463 
73.0203      64.4208      81.1095      82.9131 
432.0665      74.57529      427.5549      50.73289 
108.0334      77.24612      140.5707       73.8542 
121.8031      386.4394      127.4334      401.6686 
273.1075      169.1572      253.1364       170.766 
333.125       154.375       333.125       173.125 
50.62098       451.114      76.87685      450.9753 
185.6741      395.6418      191.2929      379.1764 
71.76539       398.085      76.78628      384.3426 
199.4188      85.48672        200.65      97.00593 
616.8386      241.1263      638.1578      242.6733 
10.46121      206.8767      10.70507      230.6242 
385.7151      134.2767      385.1504       119.393 
636.8335      232.1065       614.383      228.0805 
98.27897      391.4462      104.6222      375.2327 
129.4463      91.83922      129.7526      103.1486 
371.3903      336.8723      371.3352       346.872 
385.7849       388.113      387.0009      404.3656 
201.9762      51.78307       210.286      60.93287 
358.125       264.375       358.125       245.625 
485.7154      174.5106      474.3073      174.9018 
348.125       164.375       348.125       181.875 
116.8428      87.71888      104.3224      88.71182 
185.8608      80.39861      172.8968      83.38437 
242.8944      54.58736      251.8925       64.3589 
548.1761      169.1102      513.1407      170.9277 
145.6495      129.7056      165.6326      128.2273 
269.4387      89.99307      239.3715      93.09064 
59.3208      186.1841      36.86095      187.9459 
324.6931       374.353       327.196      410.6028 
445.4434      447.4315      454.2444      445.1265 
91.81713      183.6529      74.32927      185.0544 
126.7797      456.0571      137.1046      458.3334 
77.53357      421.8881      78.05765      395.5987 
127.2167      401.6084      132.6799      382.9944 
193.1014      432.2784      203.1402      432.8658 
70.49032      386.9054      70.18421       398.147 
323.1775      349.0693       305.553      346.0447 
606.4275      294.3122      608.3944      319.4517 
306.9016      334.3744      306.2739      305.6381 
491.8681      459.1249      508.1402      458.6767 
414.3691      392.5923        438.13      392.3293 
200.5587       78.9694      191.6384      80.42735 
192.437      414.3938      193.1908      391.8354 
139.1101      72.09348      129.5402      60.48878 
474.4012      173.5018      444.3723      175.5862 
214.4179      102.3693      253.0938      99.01522 
369.2922      351.2773      379.2898      352.5464 
441.9145      395.9457      418.1167      396.5436 
437.7858      131.8856      436.9297      104.3733 
510.5889      171.1438      496.8723      171.8203 
49.3303      117.6171      91.94032      113.8672 
89.38129      134.5206       105.601      133.8192 
333.6969      389.2805      336.3078       370.546 
606.6788      265.6737      605.5841      289.3731 
168.1001      76.60687      211.9362       72.5334 
435.658      176.1224      388.1185      179.2773 
255.6573      98.47856      278.0844      96.43018 
621.8469      352.6159      638.1851      351.7129 
98.16689      83.55766      140.6319      79.44649 
541.8739      386.7885       519.362       387.065 
369.375       358.125       369.375       381.875 
341.0123      378.1059      342.3693      405.6622 
363.4065      375.6162      364.4575      409.3724 
251.2128      377.5071      259.0218      370.2451 
523.1302       469.605      570.6343      468.5379 
134.375       418.125       134.375       398.125 
445.625       391.875       468.125       391.875 
611.0729      343.0993      612.1485      361.8593 
468.1257      470.7755      501.8749      470.6073 
638.125       366.875       638.125       385.625 
486.8957      388.8433      460.6315      389.6012 
518.125       389.375       536.875       389.375 
481.4066      95.59462      487.4641      163.1763 
598.8589      346.7732      601.0493      376.8443 
