100.3311      431.8631      101.8011      395.5714 
371.5044      181.8715      371.7606      154.3623 
449.7831      379.3637      449.0196      351.8502 
166.3316      430.5998       168.305      388.0753 
407.0003      309.3672      406.5038      380.6311 
446.6927      353.1341      446.4786      378.1323 
234.5227      418.1335      236.0372      391.8268 
538.7889      379.3695      538.5496      350.6215 
583.9149      378.1151      583.5704      350.6194 
493.8602      379.3691      493.6406      351.8709 
29.40095      454.3748      29.23586      435.6262 
535.4347      350.6332      536.6662      379.3839 
631.4933       238.177      629.5012       175.621 
516.7732      140.6244      516.8261      131.8672 
528.538      183.1138      528.0308      164.3438 
534.0755      455.6293      533.2024      394.3739 
25.2299      83.2051      35.3215      90.5797 
233.1248      419.3676      200.5789      420.3532 
532.6009       370.632       532.868      390.6284 
19.58016      116.8737      19.81356      154.3723 
480.9948      263.1206       480.714      239.3739 
17.70691      234.3674      16.55521      298.1418 
266.8823      418.7708       235.608      419.1244 
54.3758      74.3767      71.4071      65.9314 
632.8293      354.3936      631.4155      236.9106 
573.6339      411.9037      571.8703      443.1247 
634.0439      135.6087      634.8464      119.2753 
594.8716      320.6202       594.606      293.1228 
439.8885       379.473      441.0658      358.2884 
389.5462      243.9954      376.8167      238.2542 
537.2053       203.122       537.001      180.6352 
580.8248      350.6028      581.2271      376.8849 
18.65263      180.6109      17.62914      233.1397 
34.60661      419.5032      36.79017      394.2595 
41.1704      85.8608       72.753      74.2668 
549.733      118.7547      578.7306      135.4915 
491.0873      351.8718      491.2873      380.6204 
514.2177      111.8812       514.708      124.3619 
633.1829      379.3897      632.9672      361.8769 
573.9676      378.1767      575.2136      357.8697 
492.1331      323.1216      491.7919      296.8761 
58.5222      35.9066      25.9977      81.7756 
306.1871      89.82024      382.9202      143.4183 
591.2524      290.6429      592.1175       320.654 
593.506      260.6191      593.1009      234.3754 
532.7191      368.1326      532.0187      330.6223 
445.7183      204.3761      445.9589       184.379 
372.6054      147.6481      301.5341       99.8822 
545.2697      293.1109      545.6845      319.3938 
248.0705       300.625      248.0469       345.625 
342.3269      165.6398      341.7458      134.3774 
211.7942      111.8745      211.5969      146.8734 
325.6285      155.6421      325.1832      123.1311 
81.89091      120.6251      81.72763      153.1243 
263.0072      300.6249      262.9767      345.6249 
167.1719      456.8737      167.0607      431.8742 
504.7532      378.1193       504.396      354.3747 
309.7921      274.3001      307.9934      234.2686 
180.753      236.8703       180.878      273.1284 
516.5461      111.8776      516.2546      74.37011 
358.4497      224.3858      358.1428      198.1102 
447.0169      323.1235       446.713      294.3767 
590.1508      235.6107      590.5895      259.3757 
307.4609      145.6363      306.8655      110.6252 
279.0743      109.3705      279.2345      143.1257 
388.1178       429.695      349.3686      429.5179 
394.3339       171.055      523.1987      164.5944 
114.7335       304.378      114.3658      348.1249 
307.8295      390.8351       312.842      368.0627 
311.2033      343.1501      309.5611      299.2745 
370.6414      439.8077      350.6227      440.5647 
508.7281      63.25987      511.6504      23.10865 
535.6416      141.2452      518.1319      141.0904 
385.8955      245.6213      386.3523       279.399 
357.9213      238.1814      357.4796       226.803 
606.7746      109.5491      625.7097      107.7823 
199.4597      420.7153      189.8168      429.7637 
307.6248      210.6317      307.7459      174.3737 
490.5826      131.3139      513.1428      129.6109 
543.0857      180.6266      543.9325      201.8926 
571.9011      101.9112      550.0037      117.7444 
0.653636      85.5486      13.2577      90.2707 
278.1439      296.8718      278.0186      345.6247 
48.1009      80.7998      49.7227      69.4246 
51.00493      240.6224      50.89251      278.1258 
15.83269      422.2536      34.52589      424.0837 
443.0735      184.3763        443.59      204.3953 
408.2471      224.3717       408.174      249.3788 
549.5918      376.8761      549.7002      355.6267 
546.3398      350.6334      546.7537      376.8966 
395.2436      241.5069      378.8217      234.4044 
166.8951      234.9121      209.4291      233.3185 
592.2793      199.3687      591.9894      180.6232 
253.0193      344.3845      253.3615      303.1166 
210.6177      431.0048      259.3643      430.5955 
501.3408      351.8925         502.2      378.1553 
443.9929      296.8675       444.198      320.6265 
514.375        84.375       514.375       110.625 
176.8731      218.3069      194.3775      218.2753 
548.5096      321.8798      548.8876      291.8689 
129.3337      29.93549      144.4293       29.0304 
149.2804      220.2777        175.66      218.7159 
342.361      187.2268      302.9684      165.9144 
210.1471       218.472      220.9997      216.0632 
488.8925      296.8675      489.1239      320.6274 
631.6304      161.8891      630.3299        139.32 
50.4804      305.6223      49.67029      349.3805 
460.1624      379.3595      459.6224      351.8947 
513.0006      24.37846      513.6957      49.39388 
457.2077      351.8714      457.4906      378.1318 
490.9476      260.6346       490.805      246.8731 
144.3701      465.7732      194.3783      465.9494 
394.5165      20.81499      400.2786      54.43437 
64.98227      240.6222      64.82636      276.8716 
180.5137      303.1247      180.3944      346.8744 
407.3933      250.6087      407.0949      286.8768 
584.9877      320.6292      585.1003      304.3627 
12.7098      319.2362       14.3946      329.3717 
129.5253      238.1252      129.4641      275.6251 
588.94      179.3887      589.5716      199.4082 
17.02031      132.6652     -0.627422       127.088 
36.92533      239.6304      78.17102      238.2514 
319.3566      119.3751      319.5448      153.1241 
546.5763      203.1005      545.9967      180.6154 
591.4945      350.5963      592.3642      376.9002 
102.5045      394.6596      109.1508      379.9585 
146.1185      115.6261      146.0421      150.6232 
340.9097      223.1249      340.9117       186.875 
380.3508      231.2646      395.7379      237.8616 
210.2988      233.1245      210.2855      275.6241 
357.8521      175.6284       357.442      143.1178 
528.243      165.0296      638.1306      162.0853 
275.4855      438.1289      276.0457      458.1482 
440.2269      360.7904      435.9475       350.491 
603.097      207.0778      570.6202       207.945 
327.5575       61.0375      355.3802      83.70943 
11.29015      357.7545      15.95865      366.1354 
101.8874      237.2292      143.1743      235.7853 
335.6333      440.9702      318.1432      441.3883 
509.299      72.02085      508.4391      64.20297 
148.0651      27.29714      171.9613      25.56747 
319.6732       179.363       319.926      211.8804 
455.6106       211.438      426.8507      212.3885 
524.1348      305.6273      523.8543      276.8679 
521.8728      129.1757      539.3844      128.9843 
540.8321      306.2533      536.8037       291.552 
233.1858      232.3117      278.1724      230.6913 
18.40131      119.8414      0.484343      113.5239 
64.05188      305.6222      63.68336      348.1298 
176.7423      26.10039      194.4122      24.94252 
-0.04543      162.6546      14.21329      167.3646 
45.15336      438.1158      45.37494       456.878 
371.8122      203.2395      344.3442      188.1811 
115.4885      239.3738      115.1818      275.6213 
195.4892       235.624      195.2179      273.1221 
195.0786       301.874       195.002      345.6261 
163.6355      435.5809      163.9805      449.3536 
368.0589      204.3879      368.2798      226.8858 
499.3989       210.098      471.8464      211.0103 
482.5901      320.6175      482.3548        298.12 
337.1641      189.3733      337.3435      220.6295 
434.3859      140.3716      419.3599      139.7276 
48.07623      303.7474       63.0986      304.1387 
240.5061      300.0988      265.7278      298.4105 
547.6987      261.8566      547.1965      239.3678 
556.885      208.5063      530.5876      209.1944 
455.6185       270.288      424.3801      270.8915 
186.4754       149.386      185.5145      114.3438 
278.4496      230.6273      278.5479      270.6301 
336.71      130.6261      336.9113      161.8748 
303.8892      294.3086      303.6009      301.8454 
353.229      195.6242      353.4771      228.1319 
0.494567      39.3238      59.5285      33.4061 
108.1996      229.6187      80.51891      231.0018 
388.3742      54.40829      393.1978      18.30171 
373.1089      464.6534        393.13      464.5853 
80.14037      178.1016      79.65189      214.3787 
337.0633      225.2517      325.5827      219.4588 
559.0861      345.6243      559.0779      376.8756 
202.4196      123.3371      199.6956      114.2786 
169.8124      392.0363       174.213      380.1042 
525.1049      156.8638      528.3542      369.3715 
64.35013      303.5801       80.6149      303.8173 
584.339      258.0335      582.5459      234.2303 
238.1964      345.6257      238.5938      303.1177 
248.4365      234.3724      248.4996      271.8744 
505.6275      269.4907      473.0626      270.1814 
534.3439      348.1734      559.4566      347.5228 
38.21732      433.5452      28.06485      432.4157 
79.27611      239.3608      78.88054      276.8698 
128.953      304.3725      128.6945      348.1284 
128.0832      465.9496       143.139       466.349 
198.2038      300.2071      211.8869      299.6894 
400.032      431.8575      400.6995      456.9063 
435.6203      383.4404      463.1701      383.8517 
510.001      85.66958      510.7222      75.54291 
39.39481      181.0859       79.4283      179.3648 
605.6234      327.2965      573.1235      327.3609 
144.8404      175.6003      144.3999      211.8753 
456.8759      329.7379      426.8747      329.7067 
171.6061      263.1388      170.2563      236.7659 
356.726      85.39217      348.8163      90.45496 
560.5937      268.0611      529.3614      268.8043 
106.3094      274.3414      105.7013      239.3303 
210.5989      22.66604        235.66      21.23866 
523.4849      264.3782      523.1995      185.6247 
594.7206      376.8758       594.784      349.3731 
76.87661      466.1164      126.8802      465.9525 
166.914      175.2359        209.44       173.311 
195.539      22.99937      208.1564      23.96419 
428.1234      208.8524      454.3744       208.874 
603.1163      266.6427      571.8166      267.8114 
121.6133      151.8473      120.6671      118.0888 
382.7918      81.79882      387.6573      60.51807 
200.2385      271.8505      199.8621      239.3549 
234.382      172.0264       276.907      170.0704 
539.2233      321.8836      539.3509       305.615 
235.5804      22.18894      246.9238      21.64796 
443.405      239.3676       444.063      264.3832 
367.4245       150.634      367.8115       180.629 
523.9688      103.8391      537.5812      111.5811 
65.80341      181.8756      65.68945      214.3708 
103.1761      178.0559      143.1553      176.3244 
489.7218      205.6269      489.8479      183.1206 
42.44223      276.8241      41.46102      241.8165 
253.1712      270.6187      253.0076      236.8695 
436.7032      263.1319      435.6988      238.0221 
575.0051      96.47631      582.8804      102.2109 
301.9366      165.6854      19.35627      178.9767 
0.625       456.875         0.625       435.625 
33.125       454.375        33.125       435.625 
84.0951      57.6546      91.8316      53.0521 
406.9659      55.61379       403.569      28.07024 
405.4462       98.1196      405.3052      168.1269 
514.1178      50.47028      516.1085      63.24445 
531.8951      232.7976      555.6431       232.578 
144.2369      235.6129      143.8996      274.3709 
172.533      184.6263      169.0714      176.4732 
598.1106      138.9949      565.6098      140.2224 
238.6147      270.5859      237.7994      234.3261 
15.73337      366.8666      15.33824      420.6321 
236.7864      206.8759      236.4331      173.0774 
70.00016      275.5913      69.37083      240.5801 
80.37167      403.0801      80.14584       410.648 
519.4898      343.0216      519.1066      351.8634 
166.8746      301.0871      181.8749      301.0908 
213.3329      395.6236      213.4755       416.881 
352.691      140.6298      353.0372       171.876 
15.6065      351.9192       41.8695      351.5163 
44.07592       132.001      39.93315      122.1664 
58.6346       130.891      55.42211      121.9479 
263.1781      233.1246      263.4348      270.6314 
62.9198      68.2057      54.0829      45.7399 
373.8226      240.6125      374.6066      284.3709 
524.1461       343.129       523.595      311.8667 
36.83722      304.1446      46.91602       304.518 
260.6655      37.10115      285.6758      38.08978 
311.89      298.1333      311.7557      278.1174 
483.8105      379.4639      485.4675      366.6924 
602.4862       289.398      602.8813       321.878 
73.47407      130.5214      70.54329      120.6493 
582.3085      200.6167      581.9029      179.3745 
101.8963      302.9524      144.4044      302.1139 
559.3715       328.172      533.1217      328.2482 
582.1692      121.8778      582.2638      111.8787 
229.8086      298.1271      229.9221      343.1268 
255.6427      465.3182      286.9028      465.6727 
43.11784      214.3606      42.75608      183.1003 
469.3474      346.8456       468.955      380.6346 
488.0768      240.6266      488.8327      263.1432 
97.15755      301.8664      96.76746       345.624 
13.33232      329.2997      13.65097      340.7495 
326.4779      216.8786      326.1726        183.12 
320.6292      464.9202       351.887        464.68 
134.173      274.3878      134.5689      241.8621 
267.8755      345.6309      268.1342      301.8751 
478.0512      347.7665      511.8903      348.9323 
253.333      145.6215      252.8555      116.8587 
423.0719      160.6261      422.8473      149.3556 
40.7984      348.1249      40.77568      309.3742 
278.1665      169.3752      278.1714      206.8748 
579.4035      288.2517      606.8867      287.9539 
513.4835       348.141      514.0653      380.6082 
56.28187      268.1453      55.37854      241.7977 
5.642411      109.6736      306.8887      92.10973 
307.0745      410.6257      307.0801      389.3761 
71.62198      189.4679      68.75013      181.6455 
196.2083      114.3665      196.7025      148.1458 
199.8512      329.3902      200.0499      306.8589 
628.4174      106.9306      627.3969      89.34471 
107.662      187.0845      103.7826      178.5118 
568.1423      347.0236      605.6674        346.56 
116.0293       179.375      116.0298       213.125 
210.4359      171.8746      210.4253      209.3749 
120.3511      274.3414      119.8233      239.3494 
219.4238      225.4231      145.4849      228.8661 
221.8168       444.032      239.2392      441.0751 
420.6725      135.6382      420.3151      103.1147 
634.1547      396.8858      633.6023      385.6016 
184.909      348.1362      185.8281       304.353 
264.9495      374.3937      273.9042      379.1616 
606.8505       461.973      638.1395      461.3074 
405.8965      83.96444      407.8695       97.2832 
547.8916      115.2989      573.8896      96.69336 
70.11508      315.7796      66.91846       305.233 
187.1131      244.2631      183.5483      236.6761 
268.0751      270.6194      267.9189      236.8644 
578.1416      231.8061      603.1542      231.4549 
634.4111      425.6287      637.2566      398.0354 
14.55206      311.6539      13.82205      319.3224 
298.9686      37.36362      328.1294      61.61676 
471.8731      207.5551      499.3743      207.5826 
635.9551      94.32263      635.6816      105.6565 
51.95272      183.1207      52.05785      215.6244 
195.5788      175.6254      195.8756      209.3838 
433.1439      348.8236      469.4027      348.4712 
185.693      265.6386      185.5204      250.6118 
252.8988      206.8798      253.0389      176.8746 
463.1268      386.7768      499.3748      386.7207 
139.3944      228.5173      110.5296      229.9441 
121.756       186.921       118.747      179.1346 
163.7224      399.3618      163.1134      429.4001 
410.5003      464.6469      448.1312      463.2973 
68.77749       348.135      69.29251      314.4119 
144.3225      386.6127      148.1515      404.0954 
274.1685      379.2751      278.7763      385.1108 
504.3755      329.2682      471.8762      329.1144 
483.1155      382.2249      509.3758      381.9484 
146.4929      405.5924      145.9932      430.6074 
206.8229      433.6724      198.0286       434.324 
56.37863       315.783      53.38977      306.3929 
120.9899       314.636      117.8773      304.0795 
135.2747      314.8204      132.2425      303.9249 
633.1668      409.5217      613.6809      415.0755 
0.144394      117.0051      18.80753      123.5045 
135.0943      211.8659      134.6823      179.3553 
106.3949      211.8967      107.0659        188.06 
126.9778      273.0765      120.6876      272.8228 
419.3552      75.84596      410.5638      75.05635 
590.5972      462.3997      600.6782      462.0131 
58.06549      189.4035      54.92904      182.8595 
131.0248      118.1163      131.7622      151.9047 
198.1671      152.7246      115.5602      156.8175 
183.3287      301.5793      198.4406      298.3536 
268.0471      298.7829      275.6875      299.0949 
414.403      382.4297      424.4406      381.9222 
437.3382      32.57373      447.9876       65.6692 
464.7573      143.6753       513.452      109.8457 
483.0234      137.9113      467.8812      145.1123 
192.1477      373.8964      207.7726      382.7998 
201.7439      146.8836      201.9166      124.3657 
400.7869      53.29194      403.5686      71.42338 
447.1762      265.6785      446.6272      243.1006 
528.0018      394.3738      527.5872      435.5944 
170.2053      149.3868      170.5419      125.6061 
403.1288      29.15774      400.7793      15.59827 
460.6155      145.8889      439.3031      145.1214 
133.4051      345.6599      134.1178      314.3976 
130.2552       178.125      130.2532       211.875 
429.2331      14.32712      409.8911      71.64281 
96.82298      171.9028      296.8862       163.387 
236.7636      392.5859      242.3179      378.5604 
56.60915      214.3893      56.97254      189.3764 
207.6653      379.0525       213.545      393.4636 
267.9652      205.6164      267.7376      176.8682 
556.2076      233.1174      556.0933      261.8769 
605.2658      154.3857      605.4009      143.1223 
201.0936      183.3939      198.3891      175.5341 
317.2095      415.9111      314.4962      407.2277 
324.5259      219.3417      328.3849      236.8176 
534.3738      289.2966      556.9255      288.9547 
574.3798      204.6675      601.8725        204.22 
398.1369      219.4136      406.8926      219.3724 
448.8024      118.0861      448.2416      144.3508 
556.6404       289.386      556.8895      323.1249 
1.903549      88.12505      1.880489      101.8771 
16.5431      87.7372      2.89142      82.4817 
236.8144      144.3811        236.93      121.8689 
263.015      173.1124      263.3734       205.636 
454.7069      235.6253      454.7109       265.625 
149.9002      335.6314      150.1734      313.1195 
476.8749       234.363      500.6484      234.1152 
261.2942      344.3069      254.8114      341.0154 
473.1114      266.0903      499.3796      266.2989 
538.1308      385.9956      629.3779      384.5565 
42.31221      155.6401       43.1344      131.8753 
152.5624      320.5304      154.9953      338.2116 
67.12592      121.8706      67.70123      154.3825 
181.1531      176.8675      181.2958      210.6222 
473.1236       463.347      519.3752      463.2834 
6.883994      465.9774      70.62241      466.2444 
130.449      375.4501      145.2583      386.5349 
199.1373      346.8615      200.0666      330.5221 
89.49754      321.7511      87.56762      339.3138 
433.1122      291.3733      455.6931      290.7982 
394.3354      464.3062       409.486      464.8143 
338.0378      456.8459      341.7879       445.596 
500.0148      290.6232      499.9816      324.3744 
70.28019      214.3965      70.87254      189.4105 
220.66      319.3747      220.8132       335.635 
428.1023      267.0592      454.3853       267.476 
136.6503      150.6427      137.0606      126.8782 
427.6266      82.49216      419.8865      76.24159 
57.46539      155.6033       58.2477      131.8379 
170.5207      345.6465      171.2027      309.3389 
312.1332      366.9492      312.5717      350.6437 
398.6705      238.1004      397.8253      219.3322 
408.1043      72.12072      419.3796      73.07016 
75.65547      383.6058      82.28297      397.8485 
210.6353      213.3932      163.1093      215.2151 
248.2247      173.1242      248.5093      208.1219 
241.8      377.9038      255.2731      373.3369 
522.4875      383.1016      523.4004      358.2269 
286.7849      465.6283      320.6055      464.8153 
79.39047        218.53      34.36067      220.2498 
227.2591      334.4476      225.3591      311.7925 
431.8886       325.862      454.3846      326.1648 
535.4992       110.563      549.4057      111.2806 
594.3606      110.1001       605.631      110.3239 
185.7741      249.4916      185.0918      243.0491 
431.907       235.861      455.6729       235.349 
54.73926      348.1285      55.05048      315.6434 
105.902      151.8857      106.0687      128.1281 
119.1583      346.8975      119.8646      314.4128 
120.5581      211.8948      120.9765      186.9018 
268.9625       143.131      269.1229      120.6232 
406.7411      401.8778      407.2902      428.1425 
520.6433      448.1567      478.1341      448.7643 
104.7676      348.1367      105.8493      311.8072 
52.11758      123.1216      52.55229      154.3656 
163.1232      350.0975      180.6262      350.1408 
189.3577      349.8541       250.633      348.4805 
455.0201      291.8958      455.3573      321.8921 
627.4681      173.9896      608.1353      179.4118 
513.4066      114.7789      492.6582       129.248 
72.61886      151.9381      73.29439      130.5908 
73.1474      64.4105      83.6834      57.7597 
356.4423      176.4039      374.0601      186.1918 
578.1505      263.2843      601.8875      263.8384 
278.1714      210.4843      230.5978      212.4751 
408.29      75.60801      408.1139      86.85525 
200.2008      209.3862      200.5399      184.3569 
210.6689      300.6677      211.4507      345.6541 
278.1418      274.9565      230.6092      276.3285 
530.631      206.0323      555.6255      205.6614 
37.62033      394.8417      41.55051      386.0382 
41.99873      379.8253      58.38543      375.3228 
162.5178      301.8731      162.3825      344.3766 
185.6619      209.3896      185.9461      184.3929 
5.625       436.875         5.625       454.375 
79.70095      304.3676      79.35191      348.1148 
159.3658       333.108      159.7714      303.1135 
372.4605      188.3699      304.1222      148.5589 
420.0261      56.18686      429.3233      24.72916 
529.0254      441.9232      530.7397      454.3592 
534.3366      324.2633      556.8953      325.0251 
58.80333      375.3704      76.82152      385.7181 
145.631      215.7673      98.10963      217.7583 
114.381      157.0033      18.16481      161.4806 
342.8354      286.8797      343.0317      246.8807 
601.6424      231.8912      601.9573      260.6241 
532.2316      326.8531      531.7032      288.1103 
344.8308      108.7397       385.679      138.0498 
231.8418      148.4554      251.9059      147.7312 
180.6235      114.3491      181.3247      148.1364 
208.2824      271.5371      200.7327      270.7886 
345.7448      135.4066      355.5403      140.7795 
317.308      116.2079      345.5283       134.524 
533.1214      264.5318      555.6382      265.0473 
579.9789      239.3568        580.62      260.6628 
80.34749      411.8669      80.24849      430.6296 
119.3595      351.3604      161.8962      350.0757 
310.6659      230.6498      310.3312      214.3554 
449.3858      77.90536      436.7933      77.28536 
12.45534      301.2685      16.92968      314.7711 
480.3601      359.3685      479.9589      375.6394 
311.9613      88.32813      5.604246      106.5256 
347.2573      187.4107       372.862      201.1163 
537.4289      260.6184      537.2201      243.1209 
297.0987      304.3345      299.1101      315.4467 
143.1552      279.0666      96.83258      280.5532 
421.276      71.90592      420.4394      55.69911 
97.55703      393.1697      96.68974      430.6785 
175.5997      378.0149      190.6653      374.5502 
407.2221      439.3683      407.5598      456.8859 
420.4403      102.6182      429.1704       90.1043 
476.8811      290.2669      500.6472      290.1036 
503.1412      274.5071      520.6841      272.3571 
145.1207      301.8587      144.7023      346.8664 
247.362      111.8667      247.9175      144.3999 
344.4376      235.4379      356.0595      239.3263 
476.879      325.3849      500.6224      325.7813 
536.8662      381.1981      554.3813      381.4684 
544.6882      239.3666      545.2942      261.8839 
487.2001       183.119      487.5908      204.3848 
84.68223      340.6239        84.724      304.3754 
190.2968      431.4029      178.1478      436.9252 
293.125       433.125       293.125       455.625 
301.0533       162.319       323.718      174.3615 
328.5151      98.12667      328.6009      78.12168 
88.10261      351.6969       115.635      351.2653 
217.275      338.1395      216.9556      319.3524 
241.8264      464.0523       256.865      463.7933 
263.4098       110.619      264.1177      144.4066 
324.7883      174.5159      339.3019      183.2465 
412.4009      0.587201      409.4625      56.87957 
409.6329      194.2747      374.3084      168.9728 
614.2922      379.9377      624.5944      378.6969 
356.1595      141.6269       369.167      150.9163 
399.7421      270.7495      397.9158      257.8019 
115.7696      119.3719      116.4761      151.8837 
325.9962      281.8829       326.197      240.6278 
330.1088      237.3157      337.7066      232.4691 
387.7195      138.1405       388.202      111.8535 
526.8748      463.1026       554.372       462.825 
93.12072      54.78415      128.7841      33.38998 
164.3822      212.1197      209.3801      210.7991 
434.2487      351.8825      435.9549      380.6795 
576.8423       323.204      603.1379      323.8505 
431.6128       71.8789      448.1838       75.3438 
626.2451      158.1497       625.508      139.3796 
55.60906      352.4955       86.9023      351.7029 
209.4173      276.9017      161.8453      278.4773 
210.8889       145.958      202.1167      144.8899 
299.4141      107.2292      280.4808      109.3177 
77.87444      434.3776      78.12032       458.125 
368.3575      258.1075      368.7415      290.6325 
400.4642      15.70382      401.5571      0.601991 
428.1019      40.61965      426.3214      48.28673 
307.3553      429.4239      306.2322      411.7569 
375.6048      219.0046      391.9426      218.1119 
307.1612      109.5266      316.6035      116.0198 
13.44349      165.6227      13.48017      150.6228 
260.5995      31.91396       266.693      35.90295 
106.781      378.9148      124.8055      375.2322 
305.194      146.3291       319.649      155.1773 
387.1798      110.6401      387.0589      93.11511 
78.13484       280.932      33.10097      282.3754 
231.8857       209.657       276.868      207.9426 
157.4596      340.5477      155.1635       323.186 
211.2705      296.5413      222.3393      292.3166 
318.4624      63.92785      333.4291      75.22207 
38.12122      157.9573      53.14176      157.6188 
213.1264      147.4107       230.623      147.3636 
275.4838      348.0215      289.2148      346.5892 
568.7388      350.5835      570.6081      378.2107 
22.64359      300.6207      22.25723      344.3784 
260.7736      205.2737      254.3469      204.6773 
433.6164      243.1181      433.9136      264.3814 
90.21324      340.7329      92.98437      319.1961 
171.0946      209.3793      171.3242      184.3814 
195.6207      465.7981       240.625      465.6202 
251.9913      147.6743       279.403      146.1186 
255.3764      372.6564       267.398       376.481 
581.455      428.1399      581.7918      409.3735 
579.74      185.6179      580.0798      203.1113 
441.5203      58.66529      430.5464      26.07232 
535.5793      402.2283      618.1833      398.0182 
629.418      386.4385      609.3419      387.4992 
280.4651      144.8664      300.5369      143.2687 
556.868      462.5191      583.1289      462.2164 
343.9539      246.6466      353.8228      250.7145 
433.6012      310.5884       434.571       323.206 
439.4053      20.61802      434.7849       0.53072 
91.73273      153.3867       111.907      155.2854 
173.1525       434.375      173.1695       455.625 
94.5469      314.3471      92.31171      300.5542 
346.5834      94.36266      346.7769      109.3924 
99.39236      214.8432      143.1286      213.2213 
18.125       436.875        18.125       454.375 
599.7693      183.0718      602.6985      204.7701 
499.7938      234.3753      499.8063      264.3748 
190.4486      20.75209      191.6506      10.59843 
310.9506       233.336       319.275      235.9443 
448.399      64.95859      455.2219      76.36859 
600.6325      176.6793      579.3766      176.5692 
231.8835      273.4385      278.1334      272.1869 
535.2077      309.3066      536.2447      321.9268 
284.0647      395.6235      284.0329      429.3759 
431.2589      14.55494      434.9176      27.08161 
312.4863      140.6133      312.0809      119.3711 
451.884      402.7633      524.3765      402.0273 
599.375       428.125       599.375       453.125 
18.15332      176.2675      95.66801      172.8507 
232.0406      309.3981      233.5796      298.3627 
298.2271      99.92831      19.38021      115.7171 
254.3604      348.7493      274.3786      348.2811 
477.0616      236.8616       478.955      263.1552 
595.4998      408.2251      611.9629      406.4322 
624.3617       122.899      600.5471       124.301 
15.36726      231.4081      0.348435      226.4654 
115.9353      151.2682      107.0166      149.7778 
336.484      78.15004      346.9637       85.4985 
431.2605      89.85174      438.7235      99.47103 
475.6299      389.0359      430.6245      389.2762 
54.34287      157.4424      90.63014      155.7341 
554.9155      185.5761      556.7512      205.8624 
290.624      351.8181      21.87111      356.6588 
453.1177      181.4395      433.1233      181.7756 
604.3835      387.2847      538.1102      388.6626 
326.198      349.3765       326.098      304.3739 
337.3517      245.6171      337.5126      280.6278 
353.2886      253.1219       353.981      289.4064 
9.126283      163.1206      9.392223      148.1253 
99.35856       277.581      141.8953      276.2955 
178.0936      151.0753      213.1378      149.7002 
220.7265       151.545      210.5743      152.6652 
382.7352      139.9206      311.0846      88.73169 
395.6173      255.7263      405.6545       256.485 
279.3994      148.4962      264.3822      149.4845 
278.3621      142.6854       269.609      141.4573 
391.3382      294.3839      391.0262      275.5976 
303.1299      146.9352      280.5757      148.7693 
513.1714      140.3665      490.5876      140.1052 
596.875       450.625       596.875       428.125 
367.0838      238.9184      359.4626      235.4334 
58.4351      40.9978       67.765      64.5178 
420.6047      142.0846        431.87      143.1763 
612.4445      414.3132      613.6649      425.5664 
478.778      310.6043      479.1749      323.1313 
314.375       119.375       314.375       148.125 
141.9718       210.102      135.6723      209.7582 
534.3112       240.588      534.9754      261.8953 
179.5984      147.7468      170.8418      146.5452 
259.3917      149.7806      224.3482      151.2253 
320.0191      239.3722      320.1755      275.6269 
330.7279      153.1199      329.6035      130.6136 
608.125       428.125       608.125       448.125 
581.0593      295.6067       582.116      320.6675 
495.6586       180.025      480.5052      180.8085 
520.6297       388.555      480.6346      388.9957 
149.8842      83.10672      149.4344      70.57799 
19.35829      157.1543      38.10723      157.0132 
38.10519      217.1603      60.62136       216.698 
103.125       455.625       103.125       435.625 
570.3556      140.8788      518.5751      112.3092 
126.875       455.625       126.875       433.125 
166.9535       119.375      166.9489       149.375 
611.6175      426.8742      611.5611       444.374 
331.8135      130.6257      332.1267      158.1221 
358.6057      291.8768      358.7455      254.3773 
454.1322      189.2944      455.7538      209.5647 
489.2236      158.1272      489.0582      146.8613 
289.5175      349.4215       294.669      333.6286 
70.5958      63.1366      60.1901      37.0485 
410.6337      402.1926      433.1317      402.4023 
36.88105      279.5836      76.88366      278.4236 
245.7632      205.2141      239.2934      205.6422 
454.3667      125.7306      485.6193      128.1968 
36.95339      122.9531      21.76105      124.0578 
47.63222      456.9446      49.36235      438.1238 
293.7635      309.6187      295.1146      299.1478 
433.1489      450.0587      409.3358      449.0532 
554.3729      178.0098      533.1071      178.3991 
566.8608       381.004      596.8732       380.514 
611.6595      406.4473      632.0093      404.9493 
141.1279      345.8094      134.6409      344.4005 
173.8757      60.63583      173.5331      84.38089 
377.0924      331.8651      376.8382      294.3668 
623.1196       139.109      598.1045      139.6202 
348.125       140.625       348.125       166.875 
61.86027      216.6276      78.12702       215.659 
317.0347      349.7564      329.5706      352.0614 
610.6247      425.9376      588.1247      425.9163 
64.375       435.625        64.375       455.625 
169.1134      50.82025      182.0574      47.61043 
43.2063       454.374      42.93979      431.8624 
432.0214      375.6465      431.4606      346.8831 
394.1477      391.8782      393.0998      318.1254 
119.4373      154.2086      155.6395      152.1279 
275.7459      204.6257      268.2005      204.2201 
605.8181      451.8728      605.5489      428.1259 
63.125       454.375        63.125       435.625 
148.1192      149.0155      164.3649      148.7521 
404.2877       455.643      404.5582      438.1472 
156.8797      151.9895      176.8973      151.1669 
16.32399      172.0433      0.841722      167.4021 
328.125       128.125       328.125       155.625 
113.729      158.1047      114.1089       169.384 
411.1243      53.26952      422.6767      13.35704 
164.373      275.5516      209.3731      274.3057 
476.8712      456.8303      497.9685      455.0357 
498.0412      192.9125       500.887      208.5327 
309.4656      351.7364      303.0797      351.3197 
513.1337      185.5524      505.2976      184.6164 
602.0065      456.2669      590.6365      455.4624 
294.8449      333.1305      294.6873      310.6053 
344.375       138.125       344.375       160.625 
595.1408      428.1331      595.5168      450.6268 
334.4334      71.80148      321.2864      61.36656 
99.375       346.875        99.375       319.375 
376.5066      275.6337      376.7668      249.3739 
181.6004      45.18867      209.1887      27.82896 
277.4576      388.0192      274.6605      405.6702 
284.5073      312.0573      290.3839      307.7928 
361.875       171.875       361.875       150.625 
65.625       455.625        65.625       434.375 
100.7313      119.4196      84.18228      120.7791 
234.6351      176.8746       234.678      206.8746 
401.9228      458.2862      389.3769        458.03 
474.9398      205.6479      474.3538      188.1257 
230.7571      112.2354      214.2083      113.5925 
601.8192      451.8767      601.1094      428.1105 
113.125       455.625       113.125       433.125 
245.1325      455.6278      245.0531      441.8711 
320.0158      304.3725       320.185      346.8768 
430.4023      206.8746      430.4318      189.3747 
157.6877      391.8352      157.1268      415.6309 
472.7267      182.9046      461.4927      187.1018 
301.2216      166.8743      301.3586      290.6256 
97.6712      65.6397      97.2318      89.3816 
166.7796        115.75      148.0582      117.3379 
327.7972      304.3243      336.5748      306.7232 
578.4397      304.3984       578.033      288.1273 
169.2182      462.7203      151.4037      459.4167 
300.5466       361.875      300.5684       406.875 
558.7671      453.1457        558.34      440.6177 
461.1784       359.567      465.2848      374.4687 
520.6617       274.756      503.0838      276.4473 
36.57024       153.156      37.47454      125.6037 
300.8646       109.376      300.7455      139.3804 
225.0778      80.37396      233.2315       62.6004 
421.8041      377.3957       431.888      377.7992 
347.1839      168.1204      346.7781       140.608 
428.5083      185.3767      407.8592       183.397 
434.6896      131.9132      433.7165      108.1008 
61.1823      34.1502       72.299      61.7039 
351.8869      85.61042      341.6032      77.20764 
531.0002      204.4126       530.243       186.784 
83.09223      152.8913       92.0173        151.64 
99.52386      265.6299      100.4603      236.9104 
478.3847      294.3635      478.9386      306.8943 
231.3079      143.1287      231.4637      114.3728 
343.0164      350.6252      342.9338      308.1229 
58.125       436.875        58.125       454.375 
425.222      110.6323       425.606      131.8753 
570.4687      453.1287      569.9092      429.3919 
336.0643      285.5987      325.5848      281.9917 
405.6698      243.6583      394.3943       244.605 
269.308      111.3241      276.9983      110.3882 
433.3508      294.3661      433.9418       309.392 
440.3626      429.3829      439.9466      415.6077 
386.3388      299.3666      386.7381      333.1414 
223.598      52.29353      235.7277      59.19443 
253.1341      111.9711      260.6847      111.2531 
232.285      343.1286      232.1731      316.8737 
234.6673      236.8744      234.7414      270.6269 
301.0716      409.3747      301.0822      428.1254 
500.0593      186.9799      498.0649      192.3194 
523.0568      134.7024      535.6727      133.7699 
22.9952      98.0609      39.3327       96.447 
253.88      443.1053      254.2069      455.6294 
638.0973      455.5329      615.6069      455.9971 
4.290793      245.8476      15.78717      250.1963 
126.854      115.2304      146.8113      115.7204 
39.375       128.125        39.375       154.375 
99.32979      275.6252      99.30059      266.8711 
100.2046      150.6229      100.3497      121.8736 
531.3085      261.9151      530.6722      233.0964 
603.9399      429.3826      604.3309      451.8758 
368.3055      316.8736      368.5971       354.381 
0.529223      110.8941      18.03617      117.1246 
4.739131      160.6301      5.019856      140.6165 
164.6291      146.8771      164.8634      118.1188 
322.2149      204.3705      322.3458      178.1273 
566.9397      379.3735      566.1546      345.6127 
39.41144      185.6257      38.88271      214.3659 
26.62994      394.3568      25.88589      404.3943 
38.125       244.375        38.125       276.875 
102.312      240.6279       102.076      275.6264 
33.03902      390.6097      30.11272      407.0067 
102.7613      183.1232      102.6199      211.8787 
185.625      115.6254      193.1766      114.9606 
344.1945      308.7676      354.1141      311.5539 
100.1532      211.8787      100.3203      176.8735 
108.125       434.375       108.125       455.625 
232.1795      270.6258      232.2755       233.126 
337.5628      308.1246      337.5361      349.3754 
475.4109      263.1468      475.0002      235.6157 
16.006      198.6687      7.661286      194.1674 
165.233       209.375      165.2325       174.375 
34.99241      315.6339      35.13672       305.618 
171.875       455.625       171.875       434.375 
285.617      160.5008      263.1294      161.9443 
430.991      103.1191      431.4584      131.8818 
631.8545      400.1756      614.3908      400.9711 
59.375       454.375        59.375       436.875 
236.854      112.8178      244.4042      112.3012 
200.6501      112.3281      208.2651      111.9066 
98.06077      117.0346      115.5813       117.833 
476.0896      306.8962      475.6826      291.8397 
36.3657      214.3694      36.72607      181.8733 
54.375       436.875        54.375       454.375 
324.375       180.625       324.375       204.375 
179.3226      111.9899      199.3953       111.064 
428.1261      458.9962      403.1229      459.0284 
577.4767      260.6382      576.8917      231.8747 
37.13532      318.1254      37.09643      346.8753 
140.7168      46.22623      163.2953      60.35276 
295.6625      74.33841      279.6102      57.89543 
440.0948      455.6112       439.807      440.6167 
587.0731      428.1157      588.2469      453.1193 
192.8615      68.06308      193.6528      80.67033 
224.0855      59.36715       223.475      81.88449 
102.9349      125.6198      102.1795      153.1334 
170.6931      82.19685      150.8001      80.73785 
234.375       316.875       234.375       343.125 
367.3301      295.4819      359.4465      292.9063 
615.6304      382.9023      599.3901      382.5055 
7.14823      78.0046     0.136521      62.0902 
85.50865      410.6209      84.76605      431.8887 
76.87045      461.2583      104.3782      461.0555 
395.9249      346.8687      396.2912      364.3872 
164.8901      273.1277      165.0831      235.6222 
238.9267       57.6038      226.5108       49.9672 
627.0616      206.8724      628.3617       300.639 
628.778      439.3548      629.1653      451.8815 
34.5914      346.8775      34.89282      320.6166 
353.4684      313.1231      353.6841      351.8788 
116.8053       115.504      125.6595      115.0539 
169.375       435.625       169.375       454.375 
233.6241      115.6269      233.5075      146.8764 
483.125       240.625       483.125       260.625 
35.17      276.8858      35.54461      249.3739 
189.1118        37.629      168.9085      48.35124 
358.8297      354.3772       358.664      313.1228 
225.1703      161.8211      224.5797      153.1111 
209.4251      110.2829      288.1423      105.9381 
167.3177      239.3757      167.2615      273.1256 
242.6645      392.9456      246.3589      409.2083 
318.0857      456.0014      336.9101      455.1556 
377.0878      357.9956      378.7964      344.3028 
569.3818       383.584      538.1201      384.0442 
116.0396      71.84349       117.093      85.70343 
495.625       384.375       469.375       384.375 
72.1754      72.7601      95.8313      58.8501 
218.1362        40.608      242.4726      56.61675 
515.625        49.375       515.625        23.125 
164.8386      345.6273      164.7739      323.1239 
167.6233      179.3754      167.6059      209.3754 
552.0799      122.7819      533.3068      111.5705 
430.4648      264.3925      430.1227      236.8657 
74.41922       117.734      96.92393      116.5755 
0.411293      222.5067      15.76807      227.7021 
211.2735      79.37752      211.2212      66.87251 
280.6549      59.24466      318.1174        58.772 
310.625       120.625       310.625       145.625 
246.4398      407.5504      254.0943       385.103 
101.8486      55.22149      144.3307      52.44647 
144.4112      428.2071      121.8599      428.8202 
335.8444      353.0566      378.2114      360.1056 
132.8782       34.5644       141.091      45.26745 
326.4906      390.7547      329.4755      370.8273 
388.1592      458.9324      374.3281       459.519 
595.5531      105.5741      608.1528      104.8773 
308.1239       68.2765      290.6159      68.15147 
395.8364      439.3656      396.5063      454.3914 
49.37745      119.4211      69.38738      118.3581 
101.7562      319.3721      101.1219       345.637 
183.0619      49.53753      221.8264      47.28777 
518.6638      160.6546      518.0379      145.6286 
579.8867      441.8567      580.2906       453.137 
154.4604      428.1481      153.7636      393.0875 
146.5443      71.93538      145.4816      88.11558 
448.4123      46.82393      444.2046      23.15529 
4.525226      282.3135      14.41764      284.1447 
246.8417      162.5629      216.8729      164.3398 
182.2067      407.9173      186.0934      390.7309 
210.19      29.72546      218.0279      39.45326 
130.5375        70.599      130.8461      84.39801 
136.9102      461.9356       128.094       461.675 
3.767527      230.6165       3.57478      244.3813 
199.4097      370.5742      210.5735      378.2004 
114.7937      394.2952      117.6413      409.2289 
466.8153      178.2637      459.3291      177.9416 
94.3806      86.8343      79.6564      84.8191 
286.302      386.7338      290.2071      405.4514 
383.0799      343.1252      383.1467      358.1249 
7.278663      139.3554      6.785525      160.6229 
102.0462      73.11735      102.6063      85.64819 
252.3771      32.65741      292.7334      75.98968 
475.5791      133.4164      454.2668      130.0627 
8.124818      460.9913      36.87481      461.0056 
50.62741      171.9267      24.43422      173.1466 
146.8396      113.5675      173.1486      112.4135 
522.0896      174.2653      508.7221      177.8511 
88.99023      394.2009      94.74791      381.4781 
56.88353      403.8581      64.01641      386.7257 
324.5046      414.4679      325.5269      399.2842 
128.4708      411.8661      128.8566      426.8883 
207.204      66.78193      207.9512      79.45893 
353.1164      464.0179      365.6393      463.7148 
114.4164      66.01727      101.6627       67.3631 
625.9682      179.3588      627.0335      201.8675 
325.9944      79.36392      326.4824      95.63677 
325.0828      426.9078      324.3954      415.5481 
330.625       341.875       330.625       308.125 
397.7599      135.6088      397.3935      115.6384 
24.4429      92.2281      15.5413      93.9397 
219.4252      86.41375      293.1153      81.72214 
542.6179      259.3789      542.7099      241.8728 
60.62729      438.1249      61.18347      454.3986 
174.871      389.7937      179.7629      398.6037 
204.498       59.5924      194.3597      60.44243 
88.10101      170.1838      66.84589      171.3396 
402.8773      12.18296      409.6454      10.40319 
425.527      136.7711      435.6666      137.6383 
87.77509      406.8451      88.85442      394.2236 
119.0349      408.0706      120.6565      397.9301 
216.9972      58.90608      209.3744      59.36463 
561.8894      170.4829      543.1263      170.7264 
409.0919      452.5603      417.2629      455.9359 
79.4795      84.1586      52.9947      86.8368 
433.1234      407.4512      458.1262      407.3929 
395.9255      53.20323      394.9965      41.92679 
40.6245      96.8649      91.8606      94.1069 
142.5233      51.11583      130.7944      36.73679 
191.8478      61.39662      181.8602      61.04473 
55.09495      384.1975      56.79075        403.02 
333.8096      384.3621      334.6123      426.8705 
453.7448        124.39      452.7625      83.13363 
47.52569      408.1247      47.51379      430.6253 
56.27798      454.3782       56.3569      438.1225 
269.682      370.2049      282.8128      379.8021 
608.1255      119.4013      623.1205      119.1276 
63.66444       430.636      64.27671      400.5975 
120.8297      396.9859      127.4828      384.7043 
463.1459      411.1484      438.0362      412.1508 
316.5197      340.6241      316.5901      311.8743 
394.2177      421.8978      394.5565      405.6288 
96.84588      61.43351      140.6527      58.54454 
181.8853      55.78959      221.8847      53.27951 
345.6985      358.9625      315.5423       353.589 
193.1156      444.5024      205.7313      445.4314 
621.8696      168.0019      571.9115      170.2032 
186.5831      390.6106      195.2247      380.0718 
273.1356      410.4578      258.1248      410.6045 
398.0679      328.1221      397.2552       344.394 
21.88195      120.7543      39.39854      119.8131 
380.5347      360.2355      391.7918      361.4172 
449.3711      174.2851      416.8789      175.7127 
493.1542      172.6029      450.6223      174.3072 
189.8168      426.8805      190.1102      403.1186 
371.875       295.625       371.875       243.125 
290.625        64.375       308.125        64.375 
636.875       374.375       636.875       354.375 
3.125       320.625         3.125       338.125 
605.625       305.625       626.875       305.625 
254.7796      384.8965      264.0494      377.7053 
350.4096      389.3638      350.7346      419.3738 
441.8738       414.992      456.8762      415.0218 
125.6922      426.8767      126.3291      401.8611 
536.8688      407.0053      570.6247      406.8189 
523.125       405.625       463.125       405.625 
374.2226      366.8738      373.8024      421.8706 
0.625       199.375         0.625       216.875 
11.9038      387.7152      0.621675      386.9223 
463.125       408.125       508.125       408.125 
343.0357      409.3736      343.3481      389.3785 
570.6354      404.7677       536.876      405.6633 
379.9519      366.8714      380.1151      393.1282 
638.125       273.125       638.125       251.875 
365.7312       393.124      365.8929      410.6225 
41.55051      386.0382      34.60661      419.5032 
523.9688      103.8391      578.7306      135.4915 
312.5717      350.6437      307.8295      390.8351 
129.3337      29.93549      171.9613      25.56747 
319.3566      119.3751       319.926      211.8804 
298.9686      37.36362      355.3802      83.70943 
144.8404      175.6003      143.8996      274.3709 
210.5989      22.66604      246.9238      21.64796 
166.8746      301.0871      198.4406      298.3536 
120.9765      186.9018      120.3511      274.3414 
503.0838      276.4473      520.6841      272.3571 
433.3508      294.3661       434.571       323.206 
612.4445      414.3132      611.5611       444.374 
148.1192      149.0155      179.5984      147.7468 
393.0998      318.1254      394.1477      391.8782 
327.7972      304.3243      354.1141      311.5539 
100.4603      236.9104       102.076      275.6264 
232.2755       233.126      234.7414      270.6269 
22.9952      98.0609      91.8606      94.1069 
7.278663      139.3554      4.739131      160.6301 
165.0831      235.6222      164.8901      273.1277 
49.37745      119.4211      96.92393      116.5755 
536.8688      407.0053      570.6354      404.7677 
514.2177      111.8812      518.6638      160.6546 
632.9672      361.8769      634.1547      396.8858 
